alignment	start	end	length	nseqs	nparsimony	nvariable	nfixed
281726at4751_aligned_trimmed.fas	1	275	275	318	47	244	28
81687at4751_aligned_trimmed.fas	276	973	698	310	97	659	39
20952at4751_aligned_trimmed.fas	974	2204	1231	313	139	1205	25
229997at4751_aligned_trimmed.fas	2205	2892	688	278	11	687	1
24198at4751_aligned_trimmed.fas	2893	4417	1525	322	28	1524	1
423206at4751_aligned_trimmed.fas	4418	4591	174	332	15	162	12
64002at4751_aligned_trimmed.fas	4592	5698	1107	321	70	1099	8
315551at4751_aligned_trimmed.fas	5699	6025	327	314	93	273	54
433384at4751_aligned_trimmed.fas	6026	6231	206	263	12	206	0
125935at4751_aligned_trimmed.fas	6232	6982	751	312	114	718	32
392558at4751_aligned_trimmed.fas	6983	7165	183	166	58	182	1
53270at4751_aligned_trimmed.fas	7166	8508	1343	322	27	1341	2
23856at4751_aligned_trimmed.fas	8509	9780	1272	324	151	1265	7
186574at4751_aligned_trimmed.fas	9781	10230	450	290	26	449	1
452759at4751_aligned_trimmed.fas	10231	10379	149	267	28	128	20
464711at4751_aligned_trimmed.fas	10380	10533	154	300	52	141	11
173428at4751_aligned_trimmed.fas	10534	11176	643	286	22	625	18
430556at4751_aligned_trimmed.fas	11177	12013	837	320	6	837	0
248360at4751_aligned_trimmed.fas	12014	12818	805	318	14	805	0
260896at4751_aligned_trimmed.fas	12819	13119	301	322	108	295	6
414508at4751_aligned_trimmed.fas	13120	13305	186	289	58	176	10
398592at4751_aligned_trimmed.fas	13306	13941	636	305	41	631	5
492591at4751_aligned_trimmed.fas	13942	14071	130	263	58	125	5
224693at4751_aligned_trimmed.fas	14072	14489	418	273	21	414	4
78665at4751_aligned_trimmed.fas	14490	15262	773	322	104	752	20
130976at4751_aligned_trimmed.fas	15263	15920	658	304	70	655	3
367778at4751_aligned_trimmed.fas	15921	16168	248	258	42	232	16
29512at4751_aligned_trimmed.fas	16169	17121	953	315	37	951	2
414474at4751_aligned_trimmed.fas	17122	17346	225	255	79	220	5
217097at4751_aligned_trimmed.fas	17347	17818	472	325	11	472	0
160875at4751_aligned_trimmed.fas	17819	18431	613	301	35	602	11
31256at4751_aligned_trimmed.fas	18432	19125	694	313	14	694	0
271511at4751_aligned_trimmed.fas	19126	19678	553	331	33	547	6
413850at4751_aligned_trimmed.fas	19679	19991	313	280	32	309	4
94384at4751_aligned_trimmed.fas	19992	20632	641	313	91	613	27
241860at4751_aligned_trimmed.fas	20633	21082	450	317	85	409	41
153083at4751_aligned_trimmed.fas	21083	21867	785	316	97	772	13
52909at4751_aligned_trimmed.fas	21868	22544	677	328	267	627	48
285477at4751_aligned_trimmed.fas	22545	22731	187	297	61	165	20
34830at4751_aligned_trimmed.fas	22732	23923	1192	283	19	1187	5
490662at4751_aligned_trimmed.fas	23924	24022	99	214	10	94	5
101133at4751_aligned_trimmed.fas	24023	25738	1716	293	59	1708	8
204087at4751_aligned_trimmed.fas	25739	26875	1137	281	87	1102	33
292336at4751_aligned_trimmed.fas	26876	27432	557	321	17	557	0
233287at4751_aligned_trimmed.fas	27433	27832	400	308	37	382	17
200331at4751_aligned_trimmed.fas	27833	28188	356	305	15	355	1
357584at4751_aligned_trimmed.fas	28189	28443	255	293	29	248	7
419868at4751_aligned_trimmed.fas	28444	28592	149	265	34	127	22
225918at4751_aligned_trimmed.fas	28593	28992	400	276	56	391	9
378256at4751_aligned_trimmed.fas	28993	29232	240	306	71	240	0
485650at4751_aligned_trimmed.fas	29233	29417	185	275	42	174	11
336181at4751_aligned_trimmed.fas	29418	29747	330	297	51	325	5
320777at4751_aligned_trimmed.fas	29748	30169	422	310	82	405	16
50786at4751_aligned_trimmed.fas	30170	30907	738	312	119	720	18
418644at4751_aligned_trimmed.fas	30908	31489	582	309	49	577	4
444174at4751_aligned_trimmed.fas	31490	31636	147	286	50	139	8
185399at4751_aligned_trimmed.fas	31637	32784	1148	246	68	1120	26
284127at4751_aligned_trimmed.fas	32785	33174	390	333	89	314	75
362322at4751_aligned_trimmed.fas	33175	33409	235	262	32	226	8
376255at4751_aligned_trimmed.fas	33410	33606	197	270	61	196	1
325992at4751_aligned_trimmed.fas	33607	33860	254	323	15	254	0
181890at4751_aligned_trimmed.fas	33861	34505	645	339	41	644	1
122507at4751_aligned_trimmed.fas	34506	34967	462	320	93	448	13
266634at4751_aligned_trimmed.fas	34968	35403	436	331	86	433	3
262317at4751_aligned_trimmed.fas	35404	35734	331	307	69	325	6
338301at4751_aligned_trimmed.fas	35735	35973	239	303	42	233	6
103183at4751_aligned_trimmed.fas	35974	36907	934	319	42	925	9
452573at4751_aligned_trimmed.fas	36908	37011	104	316	34	99	5
382001at4751_aligned_trimmed.fas	37012	37362	351	323	11	347	4
145178at4751_aligned_trimmed.fas	37363	37990	628	326	20	628	0
269580at4751_aligned_trimmed.fas	37991	38273	283	151	14	281	2
477057at4751_aligned_trimmed.fas	38274	38450	177	284	34	176	1
245480at4751_aligned_trimmed.fas	38451	38802	352	332	77	345	7
47592at4751_aligned_trimmed.fas	38803	39660	858	332	36	855	3
264038at4751_aligned_trimmed.fas	39661	40842	1182	299	108	1145	36
238922at4751_aligned_trimmed.fas	40843	41151	309	323	39	304	4
265325at4751_aligned_trimmed.fas	41152	41494	343	257	45	342	1
482337at4751_aligned_trimmed.fas	41495	41813	319	285	37	313	5
307144at4751_aligned_trimmed.fas	41814	42549	736	321	9	736	0
104415at4751_aligned_trimmed.fas	42550	43159	610	220	94	597	13
330551at4751_aligned_trimmed.fas	43160	43742	583	289	63	583	0
145378at4751_aligned_trimmed.fas	43743	44444	702	320	72	692	9
351482at4751_aligned_trimmed.fas	44445	44734	290	306	79	219	68
383007at4751_aligned_trimmed.fas	44735	45195	461	329	39	457	4
138697at4751_aligned_trimmed.fas	45196	45678	483	259	13	480	2
312209at4751_aligned_trimmed.fas	45679	45859	181	157	36	173	8
259883at4751_aligned_trimmed.fas	45860	46044	185	237	37	168	17
156073at4751_aligned_trimmed.fas	46045	46723	679	324	81	676	3
126256at4751_aligned_trimmed.fas	46724	47212	489	309	90	444	44
351849at4751_aligned_trimmed.fas	47213	47446	234	180	59	231	3
73477at4751_aligned_trimmed.fas	47447	48009	563	322	57	496	61
283177at4751_aligned_trimmed.fas	48010	48551	542	333	69	517	24
11636at4751_aligned_trimmed.fas	48552	49947	1396	326	184	1391	5
399376at4751_aligned_trimmed.fas	49948	50264	317	300	25	309	8
212522at4751_aligned_trimmed.fas	50265	51034	770	295	55	759	11
90022at4751_aligned_trimmed.fas	51035	51593	559	297	66	557	2
416914at4751_aligned_trimmed.fas	51594	51997	404	287	38	402	2
79294at4751_aligned_trimmed.fas	51998	52587	590	241	130	537	51
202089at4751_aligned_trimmed.fas	52588	52949	362	316	69	359	3
351351at4751_aligned_trimmed.fas	52950	53623	674	251	30	671	2
321585at4751_aligned_trimmed.fas	53624	53901	278	316	55	274	4
269939at4751_aligned_trimmed.fas	53902	54556	655	314	43	654	1
260722at4751_aligned_trimmed.fas	54557	54789	233	296	71	184	45
376539at4751_aligned_trimmed.fas	54790	55461	672	316	43	667	4
14986at4751_aligned_trimmed.fas	55462	56822	1361	326	155	1313	46
396842at4751_aligned_trimmed.fas	56823	57029	207	248	60	185	22
191114at4751_aligned_trimmed.fas	57030	57501	472	316	58	441	30
197612at4751_aligned_trimmed.fas	57502	58021	520	312	29	515	5
311048at4751_aligned_trimmed.fas	58022	58384	363	299	29	354	9
434428at4751_aligned_trimmed.fas	58385	58548	164	326	61	120	42
4466at4751_aligned_trimmed.fas	58549	60610	2062	213	315	2007	54
298379at4751_aligned_trimmed.fas	60611	60761	151	305	60	140	11
411130at4751_aligned_trimmed.fas	60762	60954	193	265	39	190	3
330533at4751_aligned_trimmed.fas	60955	61436	482	273	50	478	4
376586at4751_aligned_trimmed.fas	61437	61765	329	284	41	322	7
393996at4751_aligned_trimmed.fas	61766	61928	163	319	35	99	60
251158at4751_aligned_trimmed.fas	61929	62277	349	281	126	261	82
142965at4751_aligned_trimmed.fas	62278	62869	592	279	77	581	9
75456at4751_aligned_trimmed.fas	62870	63558	689	321	46	686	3
100957at4751_aligned_trimmed.fas	63559	64612	1054	306	27	1054	0
8818at4751_aligned_trimmed.fas	64613	66004	1392	324	209	1338	49
337917at4751_aligned_trimmed.fas	66005	66342	338	317	38	334	4
406403at4751_aligned_trimmed.fas	66343	66597	255	276	59	245	10
497024at4751_aligned_trimmed.fas	66598	66676	79	307	14	78	1
256318at4751_aligned_trimmed.fas	66677	67190	514	296	60	507	6
411919at4751_aligned_trimmed.fas	67191	67750	560	230	28	555	5
352224at4751_aligned_trimmed.fas	67751	67970	220	234	28	212	8
221926at4751_aligned_trimmed.fas	67971	68750	780	321	72	774	6
168489at4751_aligned_trimmed.fas	68751	69547	797	321	36	785	12
14793at4751_aligned_trimmed.fas	69548	70537	990	319	26	987	3
216270at4751_aligned_trimmed.fas	70538	71004	467	324	80	444	23
353762at4751_aligned_trimmed.fas	71005	71288	284	316	119	272	12
281920at4751_aligned_trimmed.fas	71289	71568	280	315	45	268	11
357182at4751_aligned_trimmed.fas	71569	72071	503	290	32	494	9
315799at4751_aligned_trimmed.fas	72072	72565	494	331	40	490	4
315802at4751_aligned_trimmed.fas	72566	72954	389	305	66	378	11
111022at4751_aligned_trimmed.fas	72955	73434	480	257	28	475	4
388229at4751_aligned_trimmed.fas	73435	73670	236	250	43	229	6
329067at4751_aligned_trimmed.fas	73671	74144	474	313	7	474	0
418242at4751_aligned_trimmed.fas	74145	74410	266	334	64	259	7
169381at4751_aligned_trimmed.fas	74411	74990	580	317	86	568	12
187821at4751_aligned_trimmed.fas	74991	75527	537	234	26	528	9
310718at4751_aligned_trimmed.fas	75528	76274	747	333	161	739	8
54252at4751_aligned_trimmed.fas	76275	77249	975	338	207	927	47
63635at4751_aligned_trimmed.fas	77250	78141	892	328	31	885	6
302127at4751_aligned_trimmed.fas	78142	78634	493	322	18	492	1
428342at4751_aligned_trimmed.fas	78635	78787	153	314	42	118	34
81614at4751_aligned_trimmed.fas	78788	80560	1773	326	77	1773	0
297671at4751_aligned_trimmed.fas	80561	81157	597	320	24	585	11
34223at4751_aligned_trimmed.fas	81158	82402	1245	317	45	1245	0
84829at4751_aligned_trimmed.fas	82403	82752	350	302	63	323	23
52541at4751_aligned_trimmed.fas	82753	83579	827	305	212	768	56
393440at4751_aligned_trimmed.fas	83580	83820	241	247	18	241	0
254717at4751_aligned_trimmed.fas	83821	84159	339	301	79	286	52
336187at4751_aligned_trimmed.fas	84160	84314	155	222	40	150	5
211442at4751_aligned_trimmed.fas	84315	84874	560	329	54	537	22
189234at4751_aligned_trimmed.fas	84875	85515	641	306	35	641	0
433181at4751_aligned_trimmed.fas	85516	85604	89	301	27	88	0
12258at4751_aligned_trimmed.fas	85605	86949	1345	299	87	1335	9
126037at4751_aligned_trimmed.fas	86950	88080	1131	329	82	1119	12
282964at4751_aligned_trimmed.fas	88081	88350	270	308	39	264	6
209053at4751_aligned_trimmed.fas	88351	88811	461	313	27	450	10
481052at4751_aligned_trimmed.fas	88812	89063	252	296	66	229	22
225321at4751_aligned_trimmed.fas	89064	89462	399	315	76	328	69
371674at4751_aligned_trimmed.fas	89463	89786	324	231	89	310	13
372381at4751_aligned_trimmed.fas	89787	90267	481	307	70	471	10
411754at4751_aligned_trimmed.fas	90268	90475	208	265	49	180	23
176648at4751_aligned_trimmed.fas	90476	90885	410	306	93	386	24
349264at4751_aligned_trimmed.fas	90886	91167	282	331	67	246	35
371862at4751_aligned_trimmed.fas	91168	91483	316	310	33	282	33
458980at4751_aligned_trimmed.fas	91484	91816	333	215	43	323	10
196094at4751_aligned_trimmed.fas	91817	92476	660	311	99	651	9
138484at4751_aligned_trimmed.fas	92477	93275	799	312	52	793	6
13605at4751_aligned_trimmed.fas	93276	95171	1896	318	15	1896	0
76196at4751_aligned_trimmed.fas	95172	96044	873	331	112	841	29
3534at4751_aligned_trimmed.fas	96045	97794	1750	319	217	1667	81
453693at4751_aligned_trimmed.fas	97795	97935	141	312	67	127	12
172113at4751_aligned_trimmed.fas	97936	98369	434	327	58	414	18
226810at4751_aligned_trimmed.fas	98370	98833	464	311	14	461	3
408391at4751_aligned_trimmed.fas	98834	98989	156	306	53	152	4
467959at4751_aligned_trimmed.fas	98990	99220	231	236	51	215	14
345661at4751_aligned_trimmed.fas	99221	99335	115	280	16	108	7
215926at4751_aligned_trimmed.fas	99336	99813	478	297	7	478	0
75463at4751_aligned_trimmed.fas	99814	100208	395	295	125	376	18
184762at4751_aligned_trimmed.fas	100209	100596	388	314	43	254	133
6812at4751_aligned_trimmed.fas	100597	102219	1623	318	339	1472	141
86293at4751_aligned_trimmed.fas	102220	102814	595	281	56	590	5
154126at4751_aligned_trimmed.fas	102815	103588	774	288	35	761	13
241079at4751_aligned_trimmed.fas	103589	104100	512	249	63	506	5
385343at4751_aligned_trimmed.fas	104101	104444	344	316	64	294	47
61857at4751_aligned_trimmed.fas	104445	105077	633	312	34	633	0
25020at4751_aligned_trimmed.fas	105078	106293	1216	325	96	1208	8
494427at4751_aligned_trimmed.fas	106294	106393	100	316	39	86	12
67284at4751_aligned_trimmed.fas	106394	107229	836	315	8	836	0
402255at4751_aligned_trimmed.fas	107230	107492	263	244	51	245	17
428774at4751_aligned_trimmed.fas	107493	107684	192	322	89	178	14
289686at4751_aligned_trimmed.fas	107685	107901	217	314	14	214	2
386220at4751_aligned_trimmed.fas	107902	108082	181	309	83	166	15
241586at4751_aligned_trimmed.fas	108083	108568	486	316	99	468	16
343196at4751_aligned_trimmed.fas	108569	108911	343	316	44	339	4
356743at4751_aligned_trimmed.fas	108912	109127	216	305	45	191	24
208463at4751_aligned_trimmed.fas	109128	109786	659	314	78	654	5
435767at4751_aligned_trimmed.fas	109787	109996	210	332	56	190	20
46918at4751_aligned_trimmed.fas	109997	110966	970	309	133	960	10
419200at4751_aligned_trimmed.fas	110967	111201	235	258	62	227	8
332891at4751_aligned_trimmed.fas	111202	111843	642	317	56	642	0
366595at4751_aligned_trimmed.fas	111844	112079	236	295	64	225	11
252469at4751_aligned_trimmed.fas	112080	112443	364	285	22	336	28
389565at4751_aligned_trimmed.fas	112444	112712	269	317	42	246	23
317335at4751_aligned_trimmed.fas	112713	113000	288	306	92	279	6
201591at4751_aligned_trimmed.fas	113001	113366	366	270	39	365	1
416039at4751_aligned_trimmed.fas	113367	113513	147	166	62	142	5
173995at4751_aligned_trimmed.fas	113514	113944	431	239	30	430	1
311254at4751_aligned_trimmed.fas	113945	114268	324	323	49	322	2
445954at4751_aligned_trimmed.fas	114269	114346	78	287	9	70	8
419667at4751_aligned_trimmed.fas	114347	114457	111	268	41	102	9
174672at4751_aligned_trimmed.fas	114458	114888	431	281	55	421	10
75709at4751_aligned_trimmed.fas	114889	116450	1562	321	184	1525	37
233706at4751_aligned_trimmed.fas	116451	116869	419	321	90	391	26
461238at4751_aligned_trimmed.fas	116870	116990	121	313	33	111	9
445401at4751_aligned_trimmed.fas	116991	117188	198	320	39	174	23
224775at4751_aligned_trimmed.fas	117189	117532	344	311	73	325	19
420527at4751_aligned_trimmed.fas	117533	117714	182	295	45	174	8
304341at4751_aligned_trimmed.fas	117715	117962	248	257	57	231	16
104173at4751_aligned_trimmed.fas	117963	118401	439	245	50	438	1
403079at4751_aligned_trimmed.fas	118402	118610	209	307	43	195	13
378281at4751_aligned_trimmed.fas	118611	118912	302	319	61	290	12
317276at4751_aligned_trimmed.fas	118913	119315	403	320	56	369	33
291828at4751_aligned_trimmed.fas	119316	119593	278	290	56	263	15
447424at4751_aligned_trimmed.fas	119594	119941	348	260	44	338	9
198234at4751_aligned_trimmed.fas	119942	120270	329	331	9	329	0
68881at4751_aligned_trimmed.fas	120271	121112	842	316	20	841	1
112646at4751_aligned_trimmed.fas	121113	121765	653	337	10	653	0
118701at4751_aligned_trimmed.fas	121766	122618	853	309	59	847	6
185196at4751_aligned_trimmed.fas	122619	123383	765	317	66	762	3
337150at4751_aligned_trimmed.fas	123384	124248	865	309	36	856	8
236504at4751_aligned_trimmed.fas	124249	124643	395	326	86	287	100
126519at4751_aligned_trimmed.fas	124644	125027	384	307	112	332	52
332876at4751_aligned_trimmed.fas	125028	125744	717	324	102	701	15
130062at4751_aligned_trimmed.fas	125745	126776	1032	311	26	1031	1
129520at4751_aligned_trimmed.fas	126777	127331	555	330	118	487	66
444892at4751_aligned_trimmed.fas	127332	127678	347	326	17	347	0
68466at4751_aligned_trimmed.fas	127679	128497	819	325	101	807	12
320638at4751_aligned_trimmed.fas	128498	129010	513	332	92	490	22
304733at4751_aligned_trimmed.fas	129011	129300	290	242	20	290	0
17174at4751_aligned_trimmed.fas	129301	130359	1059	337	126	987	69
358118at4751_aligned_trimmed.fas	130360	130916	557	330	78	530	26
207926at4751_aligned_trimmed.fas	130917	131960	1044	332	107	1034	9
295937at4751_aligned_trimmed.fas	131961	132268	308	321	9	301	7
232698at4751_aligned_trimmed.fas	132269	133123	855	327	28	855	0
483370at4751_aligned_trimmed.fas	133124	133214	91	264	32	86	5
387759at4751_aligned_trimmed.fas	133215	133449	235	204	26	227	8
312950at4751_aligned_trimmed.fas	133450	133635	186	280	39	182	4
167290at4751_aligned_trimmed.fas	133636	134213	578	286	85	573	4
64498at4751_aligned_trimmed.fas	134214	134605	392	330	100	330	59
384156at4751_aligned_trimmed.fas	134606	134869	264	320	82	249	13
455110at4751_aligned_trimmed.fas	134870	135003	134	317	19	104	29
171238at4751_aligned_trimmed.fas	135004	135443	440	315	68	390	46
350840at4751_aligned_trimmed.fas	135444	135704	261	316	38	253	8
37642at4751_aligned_trimmed.fas	135705	136403	699	341	25	698	1
284176at4751_aligned_trimmed.fas	136404	136739	336	306	53	325	11
282059at4751_aligned_trimmed.fas	136740	137064	325	325	104	266	56
12959at4751_aligned_trimmed.fas	137065	139075	2011	274	111	1982	28
123277at4751_aligned_trimmed.fas	139076	140666	1591	320	11	1591	0
454840at4751_aligned_trimmed.fas	140667	140932	266	329	50	257	8
225820at4751_aligned_trimmed.fas	140933	141288	356	260	47	345	11
344553at4751_aligned_trimmed.fas	141289	141562	274	295	52	260	14
46090at4751_aligned_trimmed.fas	141563	142533	971	317	114	959	12
419048at4751_aligned_trimmed.fas	142534	142730	197	274	44	188	9
368706at4751_aligned_trimmed.fas	142731	142989	259	313	54	239	20
364284at4751_aligned_trimmed.fas	142990	143373	384	293	62	372	12
260251at4751_aligned_trimmed.fas	143374	143691	318	266	31	311	7
205479at4751_aligned_trimmed.fas	143692	144093	402	315	81	379	22
351906at4751_aligned_trimmed.fas	144094	144364	271	304	56	262	9
427250at4751_aligned_trimmed.fas	144365	144551	187	255	32	186	1
176478at4751_aligned_trimmed.fas	144552	145092	541	308	74	537	4
38184at4751_aligned_trimmed.fas	145093	146127	1035	292	57	1031	4
217374at4751_aligned_trimmed.fas	146128	146476	349	327	69	305	41
461919at4751_aligned_trimmed.fas	146477	146909	433	292	13	432	1
355454at4751_aligned_trimmed.fas	146910	147485	576	285	60	565	11
299559at4751_aligned_trimmed.fas	147486	147757	272	248	98	262	8
181959at4751_aligned_trimmed.fas	147758	148221	464	315	53	349	112
188070at4751_aligned_trimmed.fas	148222	148613	392	326	48	285	104
488348at4751_aligned_trimmed.fas	148614	148793	180	315	42	167	12
457951at4751_aligned_trimmed.fas	148794	148929	136	276	50	126	10
126249at4751_aligned_trimmed.fas	148930	149789	860	336	70	859	1
10531at4751_aligned_trimmed.fas	149790	151095	1306	323	28	1306	0
451701at4751_aligned_trimmed.fas	151096	151255	160	190	36	160	0
374548at4751_aligned_trimmed.fas	151256	151444	189	312	18	179	10
423166at4751_aligned_trimmed.fas	151445	151569	125	312	47	78	44
473814at4751_aligned_trimmed.fas	151570	151678	109	201	54	100	9
312080at4751_aligned_trimmed.fas	151679	152012	334	226	79	310	24
444602at4751_aligned_trimmed.fas	152013	152195	183	306	44	176	7
191296at4751_aligned_trimmed.fas	152196	153207	1012	305	29	1010	2
256914at4751_aligned_trimmed.fas	153208	153773	566	313	68	559	7
434500at4751_aligned_trimmed.fas	153774	154009	236	242	21	235	0
292418at4751_aligned_trimmed.fas	154010	154533	524	308	110	459	61
119833at4751_aligned_trimmed.fas	154534	154816	283	324	66	269	14
348020at4751_aligned_trimmed.fas	154817	155182	366	324	48	356	9
192452at4751_aligned_trimmed.fas	155183	155633	451	293	33	440	10
71039at4751_aligned_trimmed.fas	155634	156554	921	313	75	891	29
359271at4751_aligned_trimmed.fas	156555	157032	478	326	146	450	25
418680at4751_aligned_trimmed.fas	157033	157281	249	198	84	243	5
361877at4751_aligned_trimmed.fas	157282	157599	318	278	36	311	7
48708at4751_aligned_trimmed.fas	157600	158382	783	314	148	742	40
264164at4751_aligned_trimmed.fas	158383	159008	626	312	30	620	6
225712at4751_aligned_trimmed.fas	159009	159436	428	291	57	426	2
300216at4751_aligned_trimmed.fas	159437	159873	437	275	91	417	17
96633at4751_aligned_trimmed.fas	159874	160872	999	309	64	996	3
66151at4751_aligned_trimmed.fas	160873	161679	807	320	82	806	1
331022at4751_aligned_trimmed.fas	161680	162021	342	300	34	327	13
198196at4751_aligned_trimmed.fas	162022	162427	406	325	90	372	33
355781at4751_aligned_trimmed.fas	162428	162826	399	253	11	396	3
161113at4751_aligned_trimmed.fas	162827	163162	336	289	98	324	12
348111at4751_aligned_trimmed.fas	163163	163533	371	314	77	346	24
458554at4751_aligned_trimmed.fas	163534	163667	134	222	63	129	5
399810at4751_aligned_trimmed.fas	163668	163827	160	292	50	140	18
278643at4751_aligned_trimmed.fas	163828	164411	584	318	11	584	0
210462at4751_aligned_trimmed.fas	164412	164875	464	312	25	464	0
410986at4751_aligned_trimmed.fas	164876	165069	194	300	60	175	18
417746at4751_aligned_trimmed.fas	165070	165407	338	287	37	334	4
304547at4751_aligned_trimmed.fas	165408	165831	424	325	10	424	0
285254at4751_aligned_trimmed.fas	165832	166367	536	286	64	511	25
32164at4751_aligned_trimmed.fas	166368	167235	868	324	129	857	10
352999at4751_aligned_trimmed.fas	167236	167433	198	308	27	155	43
408419at4751_aligned_trimmed.fas	167434	167824	391	290	24	389	2
170297at4751_aligned_trimmed.fas	167825	168194	370	334	128	348	22
300016at4751_aligned_trimmed.fas	168195	168527	333	328	38	313	20
272711at4751_aligned_trimmed.fas	168528	168907	380	325	60	363	16
269389at4751_aligned_trimmed.fas	168908	169266	359	321	94	328	29
160995at4751_aligned_trimmed.fas	169267	169768	502	318	107	446	52
299054at4751_aligned_trimmed.fas	169769	170139	371	324	40	366	5
457544at4751_aligned_trimmed.fas	170140	170355	216	303	47	211	4
477122at4751_aligned_trimmed.fas	170356	170497	142	264	87	131	10
202248at4751_aligned_trimmed.fas	170498	171167	670	310	77	666	3
467311at4751_aligned_trimmed.fas	171168	171838	671	318	32	666	5
274828at4751_aligned_trimmed.fas	171839	172334	496	312	38	487	8
379525at4751_aligned_trimmed.fas	172335	172530	196	270	44	187	9
111189at4751_aligned_trimmed.fas	172531	173422	892	315	97	872	20
444399at4751_aligned_trimmed.fas	173423	173554	132	308	49	119	12
14523at4751_aligned_trimmed.fas	173555	174614	1060	327	62	1022	38
179025at4751_aligned_trimmed.fas	174615	174850	236	171	43	235	1
240246at4751_aligned_trimmed.fas	174851	175531	681	273	11	681	0
364123at4751_aligned_trimmed.fas	175532	176020	489	301	59	475	13
316920at4751_aligned_trimmed.fas	176021	176550	530	307	52	523	6
467847at4751_aligned_trimmed.fas	176551	176738	188	234	55	180	8
365270at4751_aligned_trimmed.fas	176739	177076	338	314	87	335	3
129326at4751_aligned_trimmed.fas	177077	177994	918	309	38	918	0
37573at4751_aligned_trimmed.fas	177995	178636	642	320	74	611	29
147028at4751_aligned_trimmed.fas	178637	179155	519	324	131	506	13
39833at4751_aligned_trimmed.fas	179156	179701	546	300	132	512	33
399413at4751_aligned_trimmed.fas	179702	179893	192	258	46	180	11
484323at4751_aligned_trimmed.fas	179894	180006	113	327	41	110	3
351646at4751_aligned_trimmed.fas	180007	180222	216	229	27	210	6
469452at4751_aligned_trimmed.fas	180223	180361	139	301	47	118	21
107464at4751_aligned_trimmed.fas	180362	180912	551	330	62	522	25
195863at4751_aligned_trimmed.fas	180913	181943	1031	312	97	1029	2
62846at4751_aligned_trimmed.fas	181944	182752	809	284	50	807	2
429332at4751_aligned_trimmed.fas	182753	182944	192	274	29	190	2
192059at4751_aligned_trimmed.fas	182945	183814	870	310	21	868	2
405669at4751_aligned_trimmed.fas	183815	184160	346	299	65	336	7
276205at4751_aligned_trimmed.fas	184161	184462	302	293	29	253	48
22992at4751_aligned_trimmed.fas	184463	185050	588	264	7	588	0
14441at4751_aligned_trimmed.fas	185051	186762	1712	297	167	1615	93
411677at4751_aligned_trimmed.fas	186763	186961	199	303	15	198	1
456963at4751_aligned_trimmed.fas	186962	187093	132	257	13	132	0
385564at4751_aligned_trimmed.fas	187094	187649	556	306	47	536	20
376442at4751_aligned_trimmed.fas	187650	188330	681	308	16	681	0
190183at4751_aligned_trimmed.fas	188331	188697	367	323	25	342	24
263390at4751_aligned_trimmed.fas	188698	189157	460	280	98	437	22
211634at4751_aligned_trimmed.fas	189158	189514	357	278	72	321	33
79262at4751_aligned_trimmed.fas	189515	190021	507	333	79	481	25
280937at4751_aligned_trimmed.fas	190022	190337	316	152	22	308	6
315639at4751_aligned_trimmed.fas	190338	190825	488	243	42	477	11
92267at4751_aligned_trimmed.fas	190826	191424	599	265	150	569	26
377787at4751_aligned_trimmed.fas	191425	191637	213	302	54	150	57
216661at4751_aligned_trimmed.fas	191638	191936	299	316	57	258	39
401387at4751_aligned_trimmed.fas	191937	192330	394	328	55	368	26
437914at4751_aligned_trimmed.fas	192331	192660	330	312	52	326	4
46098at4751_aligned_trimmed.fas	192661	193440	780	340	49	777	3
138695at4751_aligned_trimmed.fas	193441	194089	649	322	85	624	24
195619at4751_aligned_trimmed.fas	194090	194592	503	330	139	476	26
133954at4751_aligned_trimmed.fas	194593	195049	457	260	20	457	0
332036at4751_aligned_trimmed.fas	195050	195227	178	316	63	129	46
451811at4751_aligned_trimmed.fas	195228	195602	375	266	70	365	10
227572at4751_aligned_trimmed.fas	195603	195914	312	295	77	269	42
370952at4751_aligned_trimmed.fas	195915	196178	264	329	8	256	8
316254at4751_aligned_trimmed.fas	196179	196574	396	291	91	379	16
371481at4751_aligned_trimmed.fas	196575	196880	306	314	41	304	2
209619at4751_aligned_trimmed.fas	196881	197135	255	284	88	211	42
6592at4751_aligned_trimmed.fas	197136	197842	707	323	122	694	13
321728at4751_aligned_trimmed.fas	197843	198232	390	235	73	348	40
410458at4751_aligned_trimmed.fas	198233	198414	182	225	82	173	9
203710at4751_aligned_trimmed.fas	198415	198798	384	322	75	357	26
171181at4751_aligned_trimmed.fas	198799	198896	98	273	27	94	4
299611at4751_aligned_trimmed.fas	198897	199374	478	317	57	468	9
237533at4751_aligned_trimmed.fas	199375	199646	272	331	44	259	13
419232at4751_aligned_trimmed.fas	199647	200129	483	317	7	481	2
257330at4751_aligned_trimmed.fas	200130	200719	590	320	6	587	2
27008at4751_aligned_trimmed.fas	200720	201583	864	233	47	852	12
115993at4751_aligned_trimmed.fas	201584	202352	769	314	154	735	34
237281at4751_aligned_trimmed.fas	202353	202529	177	313	21	170	6
272081at4751_aligned_trimmed.fas	202530	202828	299	183	29	296	3
405898at4751_aligned_trimmed.fas	202829	203418	590	324	46	585	4
385971at4751_aligned_trimmed.fas	203419	203741	323	317	41	309	13
112937at4751_aligned_trimmed.fas	203742	204443	702	313	94	682	20
378430at4751_aligned_trimmed.fas	204444	205005	562	342	13	559	3
190832at4751_aligned_trimmed.fas	205006	205484	479	298	69	474	5
431607at4751_aligned_trimmed.fas	205485	205646	162	291	66	153	9
189573at4751_aligned_trimmed.fas	205647	206160	514	307	58	511	3
451849at4751_aligned_trimmed.fas	206161	206637	477	339	16	475	2
471205at4751_aligned_trimmed.fas	206638	206852	215	277	36	207	8
26329at4751_aligned_trimmed.fas	206853	208057	1205	342	169	1172	31
12812at4751_aligned_trimmed.fas	208058	209438	1381	302	18	1380	1
449803at4751_aligned_trimmed.fas	209439	209712	274	156	61	263	11
351858at4751_aligned_trimmed.fas	209713	209957	245	249	56	196	44
320163at4751_aligned_trimmed.fas	209958	210372	415	307	31	411	4
191310at4751_aligned_trimmed.fas	210373	211196	824	333	17	822	2
493358at4751_aligned_trimmed.fas	211197	211317	121	324	23	104	16
247129at4751_aligned_trimmed.fas	211318	211746	429	335	33	410	19
170904at4751_aligned_trimmed.fas	211747	212894	1148	304	53	1147	1
204508at4751_aligned_trimmed.fas	212895	213400	506	305	59	504	2
247383at4751_aligned_trimmed.fas	213401	213787	387	221	12	387	0
310891at4751_aligned_trimmed.fas	213788	214570	783	326	8	782	1
129160at4751_aligned_trimmed.fas	214571	215101	531	324	105	463	63
141273at4751_aligned_trimmed.fas	215102	215625	524	282	60	508	16
65334at4751_aligned_trimmed.fas	215626	216310	685	311	37	684	1
235640at4751_aligned_trimmed.fas	216311	216736	426	315	100	408	17
135184at4751_aligned_trimmed.fas	216737	217123	387	193	47	383	4
97141at4751_aligned_trimmed.fas	217124	217939	816	293	107	804	12
323327at4751_aligned_trimmed.fas	217940	218202	263	253	31	261	2
186138at4751_aligned_trimmed.fas	218203	218577	375	295	53	360	15
441586at4751_aligned_trimmed.fas	218578	218886	309	311	36	306	3
75976at4751_aligned_trimmed.fas	218887	219988	1102	321	65	1057	44
271850at4751_aligned_trimmed.fas	219989	220627	639	311	41	629	10
343603at4751_aligned_trimmed.fas	220628	220943	316	303	90	303	11
454746at4751_aligned_trimmed.fas	220944	221157	214	321	38	214	0
299509at4751_aligned_trimmed.fas	221158	221518	361	319	119	338	22
474320at4751_aligned_trimmed.fas	221519	221603	85	291	26	75	10
404050at4751_aligned_trimmed.fas	221604	222042	439	328	59	434	5
327884at4751_aligned_trimmed.fas	222043	222343	301	322	56	259	41
135652at4751_aligned_trimmed.fas	222344	222842	499	335	42	495	4
308816at4751_aligned_trimmed.fas	222843	223349	507	325	63	488	18
435471at4751_aligned_trimmed.fas	223350	223578	229	289	45	216	13
372510at4751_aligned_trimmed.fas	223579	223844	266	191	79	261	4
390518at4751_aligned_trimmed.fas	223845	224198	354	295	56	332	21
50835at4751_aligned_trimmed.fas	224199	225105	907	323	109	883	24
387347at4751_aligned_trimmed.fas	225106	225286	181	187	45	176	5
290314at4751_aligned_trimmed.fas	225287	225613	327	314	104	276	46
326649at4751_aligned_trimmed.fas	225614	226146	533	329	53	513	17
71046at4751_aligned_trimmed.fas	226147	227016	870	329	58	852	16
362601at4751_aligned_trimmed.fas	227017	227438	422	317	13	421	1
293405at4751_aligned_trimmed.fas	227439	227662	224	295	59	179	44
76893at4751_aligned_trimmed.fas	227663	228107	445	321	103	359	82
359627at4751_aligned_trimmed.fas	228108	228320	213	174	57	210	3
474125at4751_aligned_trimmed.fas	228321	228710	390	298	28	386	4
235105at4751_aligned_trimmed.fas	228711	229035	325	211	96	311	14
259060at4751_aligned_trimmed.fas	229036	229653	618	325	20	615	3
231468at4751_aligned_trimmed.fas	229654	229868	215	316	62	213	2
34706at4751_aligned_trimmed.fas	229869	231114	1246	315	38	1245	1
216683at4751_aligned_trimmed.fas	231115	231484	370	312	82	335	34
320782at4751_aligned_trimmed.fas	231485	231943	459	269	33	459	0
284287at4751_aligned_trimmed.fas	231944	232505	562	325	71	547	13
356079at4751_aligned_trimmed.fas	232506	232911	406	305	36	391	15
49967at4751_aligned_trimmed.fas	232912	233835	924	319	104	904	20
210986at4751_aligned_trimmed.fas	233836	234376	541	308	33	536	5
7423at4751_aligned_trimmed.fas	234377	236482	2106	333	161	2092	12
225351at4751_aligned_trimmed.fas	236483	236984	502	302	85	481	21
229510at4751_aligned_trimmed.fas	236985	237227	243	283	38	236	6
176178at4751_aligned_trimmed.fas	237228	237651	424	336	111	418	6
335719at4751_aligned_trimmed.fas	237652	237946	295	278	101	246	46
98733at4751_aligned_trimmed.fas	237947	238753	807	327	15	794	13
118189at4751_aligned_trimmed.fas	238754	239345	592	271	61	590	2
244066at4751_aligned_trimmed.fas	239346	239798	453	278	50	449	3
490719at4751_aligned_trimmed.fas	239799	240009	211	323	34	207	4
330629at4751_aligned_trimmed.fas	240010	240214	205	317	65	186	18
338808at4751_aligned_trimmed.fas	240215	240552	338	306	65	313	24
429862at4751_aligned_trimmed.fas	240553	240665	113	287	30	113	0
231582at4751_aligned_trimmed.fas	240666	241141	476	314	46	464	11
411518at4751_aligned_trimmed.fas	241142	241593	452	323	13	451	1
81295at4751_aligned_trimmed.fas	241594	242133	540	320	61	499	40
483049at4751_aligned_trimmed.fas	242134	242322	189	299	33	183	6
385139at4751_aligned_trimmed.fas	242323	242510	188	308	60	165	22
299330at4751_aligned_trimmed.fas	242511	242802	292	216	50	290	2
174653at4751_aligned_trimmed.fas	242803	243248	446	326	91	344	97
1866at4751_aligned_trimmed.fas	243249	245216	1968	308	288	1735	223
428569at4751_aligned_trimmed.fas	245217	245410	194	275	43	187	7
184718at4751_aligned_trimmed.fas	245411	246340	930	326	105	926	4
411471at4751_aligned_trimmed.fas	246341	246762	422	263	31	405	15
160940at4751_aligned_trimmed.fas	246763	247174	412	272	30	409	3
20600at4751_aligned_trimmed.fas	247175	248215	1041	320	206	955	79
22982at4751_aligned_trimmed.fas	248216	249294	1079	331	28	1072	7
37028at4751_aligned_trimmed.fas	249295	249888	594	337	165	512	80
150469at4751_aligned_trimmed.fas	249889	250339	451	336	42	430	21
234698at4751_aligned_trimmed.fas	250340	250975	636	285	39	620	16
330815at4751_aligned_trimmed.fas	250976	251270	295	298	28	275	20
237276at4751_aligned_trimmed.fas	251271	251647	377	321	65	347	28
372972at4751_aligned_trimmed.fas	251648	251870	223	215	29	215	8
61411at4751_aligned_trimmed.fas	251871	252385	515	327	52	507	8
353991at4751_aligned_trimmed.fas	252386	252830	445	317	30	441	3
464772at4751_aligned_trimmed.fas	252831	253070	240	324	12	238	2
103836at4751_aligned_trimmed.fas	253071	253515	445	313	47	443	2
384315at4751_aligned_trimmed.fas	253516	253722	207	300	48	189	18
179897at4751_aligned_trimmed.fas	253723	254159	437	333	38	429	7
117017at4751_aligned_trimmed.fas	254160	254520	361	315	18	355	6
145524at4751_aligned_trimmed.fas	254521	255306	786	318	96	735	48
470813at4751_aligned_trimmed.fas	255307	255451	145	306	55	113	30
322267at4751_aligned_trimmed.fas	255452	255890	439	84	26	434	5
125400at4751_aligned_trimmed.fas	255891	256680	790	326	19	790	0
485702at4751_aligned_trimmed.fas	256681	257029	349	283	13	349	0
446124at4751_aligned_trimmed.fas	257030	257182	153	323	59	142	11
378436at4751_aligned_trimmed.fas	257183	257813	631	325	39	631	0
11879at4751_aligned_trimmed.fas	257814	259524	1711	317	175	1686	25
354778at4751_aligned_trimmed.fas	259525	259917	393	237	45	371	22
122824at4751_aligned_trimmed.fas	259918	260150	233	238	52	231	2
378376at4751_aligned_trimmed.fas	260151	260594	444	207	99	437	7
402005at4751_aligned_trimmed.fas	260595	260745	151	297	36	139	11
61438at4751_aligned_trimmed.fas	260746	261586	841	298	114	833	7
57081at4751_aligned_trimmed.fas	261587	262838	1252	330	129	1202	48
374350at4751_aligned_trimmed.fas	262839	263226	388	319	54	347	38
105401at4751_aligned_trimmed.fas	263227	263823	597	319	150	475	117
298335at4751_aligned_trimmed.fas	263824	264442	619	322	69	611	8
212735at4751_aligned_trimmed.fas	264443	264753	311	333	17	311	0
225535at4751_aligned_trimmed.fas	264754	264995	242	315	65	231	11
459844at4751_aligned_trimmed.fas	264996	265156	161	290	51	153	7
422151at4751_aligned_trimmed.fas	265157	265301	145	292	42	89	51
389547at4751_aligned_trimmed.fas	265302	265563	262	307	30	257	4
167498at4751_aligned_trimmed.fas	265564	265919	356	258	94	296	60
75033at4751_aligned_trimmed.fas	265920	266222	303	323	41	298	4
87313at4751_aligned_trimmed.fas	266223	266802	580	328	40	530	48
241483at4751_aligned_trimmed.fas	266803	267352	550	290	54	544	6
23198at4751_aligned_trimmed.fas	267353	268646	1294	317	169	1256	36
391384at4751_aligned_trimmed.fas	268647	268870	224	193	74	199	23
49476at4751_aligned_trimmed.fas	268871	269663	793	289	125	746	44
417470at4751_aligned_trimmed.fas	269664	270251	588	296	50	587	1
56729at4751_aligned_trimmed.fas	270252	271189	938	338	97	915	22
143414at4751_aligned_trimmed.fas	271190	271527	338	324	20	338	0
31324at4751_aligned_trimmed.fas	271528	272647	1120	266	48	1114	6
369435at4751_aligned_trimmed.fas	272648	272853	206	273	53	182	24
327748at4751_aligned_trimmed.fas	272854	273207	354	316	47	339	15
138833at4751_aligned_trimmed.fas	273208	273822	615	335	71	582	32
8406at4751_aligned_trimmed.fas	273823	275111	1289	319	23	1288	1
488857at4751_aligned_trimmed.fas	275112	275363	252	306	27	248	4
453909at4751_aligned_trimmed.fas	275364	275714	351	284	25	346	5
137963at4751_aligned_trimmed.fas	275715	276299	585	315	58	566	19
73771at4751_aligned_trimmed.fas	276300	277280	981	320	121	957	24
109276at4751_aligned_trimmed.fas	277281	278399	1119	325	75	1108	10
259700at4751_aligned_trimmed.fas	278400	278802	403	320	106	396	7
123494at4751_aligned_trimmed.fas	278803	279233	431	266	54	428	3
261237at4751_aligned_trimmed.fas	279234	279847	614	305	66	604	9
25161at4751_aligned_trimmed.fas	279848	281087	1240	325	15	1240	0
252314at4751_aligned_trimmed.fas	281088	281410	323	292	11	322	1
370505at4751_aligned_trimmed.fas	281411	281578	168	313	26	166	2
46666at4751_aligned_trimmed.fas	281579	283478	1900	317	31	1898	2
267556at4751_aligned_trimmed.fas	283479	283884	406	329	50	392	13
281299at4751_aligned_trimmed.fas	283885	284460	576	314	79	559	16
4409at4751_aligned_trimmed.fas	284461	287065	2605	319	242	2597	8
438274at4751_aligned_trimmed.fas	287066	287305	240	274	40	232	7
183849at4751_aligned_trimmed.fas	287306	287943	638	337	146	524	107
440401at4751_aligned_trimmed.fas	287944	288159	216	193	35	208	8
334424at4751_aligned_trimmed.fas	288160	288556	397	311	21	391	6
449717at4751_aligned_trimmed.fas	288557	288698	142	311	19	142	0
406793at4751_aligned_trimmed.fas	288699	288860	162	326	27	132	29
335237at4751_aligned_trimmed.fas	288861	289082	222	335	56	206	15
295692at4751_aligned_trimmed.fas	289083	289371	289	307	34	289	0
160044at4751_aligned_trimmed.fas	289372	290010	639	325	109	595	42
296024at4751_aligned_trimmed.fas	290011	290494	484	303	114	480	3
410782at4751_aligned_trimmed.fas	290495	290769	275	243	117	252	22
163318at4751_aligned_trimmed.fas	290770	291046	277	334	21	274	3
54919at4751_aligned_trimmed.fas	291047	291757	711	259	19	710	1
98739at4751_aligned_trimmed.fas	291758	292542	785	279	112	754	31
228752at4751_aligned_trimmed.fas	292543	292871	329	310	26	327	2
306594at4751_aligned_trimmed.fas	292872	293339	468	291	61	464	4
38031at4751_aligned_trimmed.fas	293340	294524	1185	317	36	1185	0
296643at4751_aligned_trimmed.fas	294525	294802	278	279	60	271	5
258245at4751_aligned_trimmed.fas	294803	295177	375	309	79	352	23
434984at4751_aligned_trimmed.fas	295178	295426	249	277	39	240	9
397465at4751_aligned_trimmed.fas	295427	295673	247	263	47	240	7
305061at4751_aligned_trimmed.fas	295674	296564	891	327	34	890	1
246207at4751_aligned_trimmed.fas	296565	296842	278	275	69	258	19
183720at4751_aligned_trimmed.fas	296843	297550	708	278	91	681	27
13224at4751_aligned_trimmed.fas	297551	298917	1367	323	20	1365	2
245900at4751_aligned_trimmed.fas	298918	299333	416	321	47	407	9
474374at4751_aligned_trimmed.fas	299334	299448	115	307	41	94	21
265302at4751_aligned_trimmed.fas	299449	299747	299	275	57	291	7
251613at4751_aligned_trimmed.fas	299748	300225	478	297	96	451	25
216949at4751_aligned_trimmed.fas	300226	300924	699	329	42	697	2
438861at4751_aligned_trimmed.fas	300925	301129	205	294	58	203	2
435317at4751_aligned_trimmed.fas	301130	301534	405	312	26	397	8
179437at4751_aligned_trimmed.fas	301535	302077	543	309	111	525	17
406434at4751_aligned_trimmed.fas	302078	302341	264	325	50	248	14
123228at4751_aligned_trimmed.fas	302342	303528	1187	302	185	1109	77
246951at4751_aligned_trimmed.fas	303529	303875	347	327	104	334	13
321416at4751_aligned_trimmed.fas	303876	304683	808	327	154	789	18
56395at4751_aligned_trimmed.fas	304684	305537	854	329	41	848	6
319121at4751_aligned_trimmed.fas	305538	306073	536	246	11	532	4
106281at4751_aligned_trimmed.fas	306074	307496	1423	282	4	1423	0
343717at4751_aligned_trimmed.fas	307497	307833	337	285	60	336	1
332006at4751_aligned_trimmed.fas	307834	308029	196	295	83	183	12
285977at4751_aligned_trimmed.fas	308030	308504	475	284	41	469	6
14295at4751_aligned_trimmed.fas	308505	310355	1851	266	166	1746	102
258762at4751_aligned_trimmed.fas	310356	310783	428	292	60	427	1
484080at4751_aligned_trimmed.fas	310784	310942	159	298	31	158	1
428984at4751_aligned_trimmed.fas	310943	311799	857	329	30	848	9
378295at4751_aligned_trimmed.fas	311800	311944	145	196	29	145	0
46119at4751_aligned_trimmed.fas	311945	313304	1360	319	100	1356	4
366597at4751_aligned_trimmed.fas	313305	313549	245	308	60	240	4
67806at4751_aligned_trimmed.fas	313550	314282	733	304	60	729	4
107136at4751_aligned_trimmed.fas	314283	315232	950	313	138	938	11
203109at4751_aligned_trimmed.fas	315233	315634	402	296	60	401	1
330949at4751_aligned_trimmed.fas	315635	316238	604	298	68	581	22
422764at4751_aligned_trimmed.fas	316239	316620	382	194	15	380	2
175136at4751_aligned_trimmed.fas	316621	317337	717	311	79	706	11
362250at4751_aligned_trimmed.fas	317338	317608	271	338	84	261	9
420414at4751_aligned_trimmed.fas	317609	317949	341	250	51	336	5
465849at4751_aligned_trimmed.fas	317950	318068	119	174	53	99	19
273469at4751_aligned_trimmed.fas	318069	318352	284	312	35	284	0
464897at4751_aligned_trimmed.fas	318353	318493	141	268	18	138	3
7545at4751_aligned_trimmed.fas	318494	320522	2029	322	69	2025	4
213564at4751_aligned_trimmed.fas	320523	320664	142	284	34	138	3
468224at4751_aligned_trimmed.fas	320665	320887	223	276	25	223	0
59795at4751_aligned_trimmed.fas	320888	321807	920	320	135	879	37
190475at4751_aligned_trimmed.fas	321808	322208	401	324	123	389	11
183801at4751_aligned_trimmed.fas	322209	322563	355	310	44	351	4
436872at4751_aligned_trimmed.fas	322564	322750	187	220	59	173	12
219236at4751_aligned_trimmed.fas	322751	323137	387	299	67	307	78
468195at4751_aligned_trimmed.fas	323138	323258	121	282	34	118	2
398882at4751_aligned_trimmed.fas	323259	323388	130	315	27	95	30
332416at4751_aligned_trimmed.fas	323389	323670	282	309	43	263	19
94628at4751_aligned_trimmed.fas	323671	324464	794	324	144	681	107
359482at4751_aligned_trimmed.fas	324465	324648	184	312	79	166	16
284377at4751_aligned_trimmed.fas	324649	325544	896	330	53	878	16
483390at4751_aligned_trimmed.fas	325545	325668	124	314	42	105	18
351651at4751_aligned_trimmed.fas	325669	326140	472	298	35	465	7
443595at4751_aligned_trimmed.fas	326141	326269	129	312	33	128	1
339525at4751_aligned_trimmed.fas	326270	326617	348	290	63	320	27
127140at4751_aligned_trimmed.fas	326618	326989	372	198	46	350	20
255412at4751_aligned_trimmed.fas	326990	327466	477	323	72	444	32
130930at4751_aligned_trimmed.fas	327467	328914	1448	323	166	1448	0
228465at4751_aligned_trimmed.fas	328915	329353	439	324	48	437	2
279020at4751_aligned_trimmed.fas	329354	329761	408	268	55	405	3
358012at4751_aligned_trimmed.fas	329762	329993	232	196	83	217	15
452947at4751_aligned_trimmed.fas	329994	330327	334	279	14	320	14
451032at4751_aligned_trimmed.fas	330328	330493	166	308	53	144	21
21651at4751_aligned_trimmed.fas	330494	331378	885	334	127	840	40
398968at4751_aligned_trimmed.fas	331379	331556	178	331	34	169	8
353685at4751_aligned_trimmed.fas	331557	331788	232	262	50	227	5
78289at4751_aligned_trimmed.fas	331789	332406	618	328	71	575	38
243015at4751_aligned_trimmed.fas	332407	332996	590	309	109	568	21
240036at4751_aligned_trimmed.fas	332997	333660	664	308	31	660	4
396097at4751_aligned_trimmed.fas	333661	334132	472	271	49	464	8
235463at4751_aligned_trimmed.fas	334133	334466	334	262	70	314	20
21689at4751_aligned_trimmed.fas	334467	335505	1039	296	36	1036	2
412006at4751_aligned_trimmed.fas	335506	335683	178	228	54	165	13
308236at4751_aligned_trimmed.fas	335684	336434	751	316	71	746	5
445210at4751_aligned_trimmed.fas	336435	336489	55	320	20	49	6
447112at4751_aligned_trimmed.fas	336490	336738	249	315	66	239	10
46752at4751_aligned_trimmed.fas	336739	337783	1045	307	97	1024	21
409761at4751_aligned_trimmed.fas	337784	338076	293	299	12	293	0
410991at4751_aligned_trimmed.fas	338077	338236	160	257	49	157	3
452692at4751_aligned_trimmed.fas	338237	338440	204	230	37	201	3
211768at4751_aligned_trimmed.fas	338441	338957	517	324	94	505	11
175599at4751_aligned_trimmed.fas	338958	339620	663	323	25	662	1
439490at4751_aligned_trimmed.fas	339621	339858	238	314	55	232	6
431195at4751_aligned_trimmed.fas	339859	339994	136	320	35	127	9
484805at4751_aligned_trimmed.fas	339995	340203	209	314	38	207	2
168092at4751_aligned_trimmed.fas	340204	340836	633	314	67	612	20
65499at4751_aligned_trimmed.fas	340837	341308	472	281	141	432	38
438731at4751_aligned_trimmed.fas	341309	341471	163	312	41	153	8
289666at4751_aligned_trimmed.fas	341472	341742	271	319	42	260	10
421097at4751_aligned_trimmed.fas	341743	341931	189	250	51	175	13
396330at4751_aligned_trimmed.fas	341932	342474	543	315	71	524	19
6272at4751_aligned_trimmed.fas	342475	343680	1206	313	95	1175	31
79797at4751_aligned_trimmed.fas	343681	344464	784	292	44	779	4
148293at4751_aligned_trimmed.fas	344465	344940	476	276	102	306	164
406240at4751_aligned_trimmed.fas	344941	345104	164	317	66	158	6
331763at4751_aligned_trimmed.fas	345105	345370	266	310	42	216	50
85793at4751_aligned_trimmed.fas	345371	346195	825	329	37	823	2
354679at4751_aligned_trimmed.fas	346196	346501	306	334	16	265	40
103461at4751_aligned_trimmed.fas	346502	347004	503	330	147	453	50
342642at4751_aligned_trimmed.fas	347005	347378	374	218	15	374	0
176748at4751_aligned_trimmed.fas	347379	348164	786	320	41	783	3
362218at4751_aligned_trimmed.fas	348165	348698	534	322	98	521	11
33984at4751_aligned_trimmed.fas	348699	349406	708	329	30	697	11
197111at4751_aligned_trimmed.fas	349407	349810	404	321	105	315	84
142357at4751_aligned_trimmed.fas	349811	350546	736	294	53	725	9
230605at4751_aligned_trimmed.fas	350547	351260	714	308	32	714	0
363593at4751_aligned_trimmed.fas	351261	351651	391	312	22	381	10
76975at4751_aligned_trimmed.fas	351652	352702	1051	290	51	1051	0
417109at4751_aligned_trimmed.fas	352703	352908	206	196	28	206	0
299583at4751_aligned_trimmed.fas	352909	353181	273	321	52	270	3
407348at4751_aligned_trimmed.fas	353182	353684	503	332	36	497	6
366635at4751_aligned_trimmed.fas	353685	353921	237	317	78	216	21
422622at4751_aligned_trimmed.fas	353922	354053	132	193	42	129	3
165243at4751_aligned_trimmed.fas	354054	354513	460	301	62	452	7
10168at4751_aligned_trimmed.fas	354514	356033	1520	329	197	1475	43
237393at4751_aligned_trimmed.fas	356034	356420	387	319	71	386	1
196841at4751_aligned_trimmed.fas	356421	356991	571	329	59	528	42
290471at4751_aligned_trimmed.fas	356992	357403	412	313	10	411	1
172966at4751_aligned_trimmed.fas	357404	357740	337	327	114	311	26
432952at4751_aligned_trimmed.fas	357741	357923	183	276	59	179	3
210178at4751_aligned_trimmed.fas	357924	358508	585	259	64	561	22
255378at4751_aligned_trimmed.fas	358509	358945	437	310	81	427	10
322254at4751_aligned_trimmed.fas	358946	359418	473	251	25	469	4
389034at4751_aligned_trimmed.fas	359419	359689	271	296	37	249	19
354739at4751_aligned_trimmed.fas	359690	360001	312	151	74	310	2
356691at4751_aligned_trimmed.fas	360002	360450	449	333	40	424	24
343623at4751_aligned_trimmed.fas	360451	360682	232	231	29	227	3
354913at4751_aligned_trimmed.fas	360683	361006	324	305	28	316	8
