# bin	classification	reason	lineage	lineage scores
private_GTX0158_concoct_bin.31.fa	taxid assigned	based on 10951/22473 ORFs	1;131567;2759;33154;4751;451864;4890;716545;147538;716546	1.00;1.00;0.98;0.89;0.89;0.84;0.83;0.83;0.82;0.79
private_GTX0161_concoct_bin.0.fa	taxid assigned	based on 34286/75712 ORFs	1;131567;2759;33090;3041;2692248;75966;2507901;2507902;13786;285719;2608996	1.00;1.00;0.98;0.97;0.96;0.95;0.93;0.91;0.91;0.90;0.90;0.90
private_GTX0161_concoct_merged.0.fa	taxid assigned	based on 15513/46972 ORFs	1;131567;2759;33154;4751;451864;4890;716545;147538;716546;147547;1520881;388435;5197;157822;78060;112415	1.00;1.00;0.99;0.99;0.99;0.99;0.99;0.99;0.98;0.98;0.91;0.91;0.88;0.88;0.88;0.88;0.88
private_GTX0163_concoct_bin.14.fa	taxid assigned	based on 13718/33183 ORFs	1;131567;2759;33154;4751;451864;4890;716545;147538;716546;147547;1520881	1.00;1.00;0.99;0.96;0.96;0.95;0.94;0.94;0.94;0.92;0.53;0.53
private_GTX0163_concoct_bin.46.fa	taxid assigned	based on 27128/79164 ORFs	1;131567;2759;33090;3041;2692248;75966;2507901;2507902;13786;285719;2608996	1.00;1.00;0.97;0.95;0.92;0.92;0.88;0.83;0.83;0.83;0.83;0.81
private_T1867_concoct_bin.8.fa	taxid assigned	based on 11888/25210 ORFs	1;131567;2759;33154;4751;451864;4890;716545;147538;716546;147547;1520881	1.00;1.00;0.99;0.96;0.96;0.94;0.93;0.93;0.93;0.92;0.48;0.48
private_T1867_metabat2_bin.4.fa	taxid assigned	based on 27358/76813 ORFs	1;131567;2759;33090;3041;2692248;75966;75981;2511161;41891;248742;574566	1.00;1.00;0.96;0.93;0.88;0.87;0.81;0.71;0.71;0.71;0.70;0.70
private_T1868_concoct_bin.12.fa	taxid assigned	based on 11245/24355 ORFs	1;131567;2759;33154;4751;451864;4890;716545;147538;716546;147547;1520881	1.00;1.00;0.99;0.96;0.96;0.94;0.94;0.93;0.93;0.92;0.50;0.50
private_T1881_metabat2_bin.1.fa	taxid assigned	based on 26186/57163 ORFs	1;131567;2759;33090;3041;2692248;75966;2507901;2507902;13786;285719;2608996	1.00;1.00;0.99;0.98;0.96;0.96;0.94;0.92;0.92;0.92;0.91;0.91
private_T1881_metabat2_bin.5.fa	taxid assigned	based on 12838/23974 ORFs	1;131567;2759;33154;4751;451864;4890;716545;147538;716546;147547;1520881;1520791;452227;87265;87266;136370	1.00;1.00;0.99;0.98;0.98;0.98;0.97;0.97;0.97;0.96;0.79;0.79;0.75;0.75;0.75;0.75;0.75
private_T1882_concoct_bin.24.fa	taxid assigned	based on 11652/23755 ORFs	1;131567;2759;33154;4751;451864;4890;716545;147538;716546;147547;1520881	1.00;1.00;0.99;0.96;0.96;0.95;0.94;0.94;0.94;0.92;0.34;0.34
private_T1882_metabat2_merged.0.fa	taxid assigned	based on 30084/80873 ORFs	1;131567;2759;33090;3041;2692248;75966;2507901;2507902;13786;285719;2608996	1.00;1.00;0.98;0.96;0.94;0.94;0.91;0.87;0.87;0.87;0.87;0.86
private_T1887_metabat2_bin.36.fa	taxid assigned	based on 11987/24258 ORFs	1;131567;2759;33154;4751;451864;4890;716545;147538;716546;147547;1520881;1520791;452227;87265;87266;136370	1.00;1.00;0.99;0.97;0.97;0.96;0.95;0.95;0.95;0.93;0.59;0.59;0.37;0.37;0.37;0.37;0.37
private_T1888_metabat2_bin.51.fa	taxid assigned	based on 11857/26159 ORFs	1;131567;2759;33154;4751;451864;4890;716545;147538;716546;147547;1520881;388435;5197;157822;78060;112415	1.00;1.00;0.99;0.98;0.97;0.97;0.97;0.96;0.96;0.96;0.77;0.77;0.69;0.69;0.69;0.66;0.65
private_T1888_metabat2_bin.52.fa	taxid assigned	based on 14512/29197 ORFs	1;131567;2759;33154;4751;451864;4890;716545;147538;716546;147545;451870	1.00;1.00;0.98;0.96;0.96;0.95;0.94;0.94;0.93;0.92;0.63;0.55
private_T1889_concoct_bin.13.fa	taxid assigned	based on 12020/26586 ORFs	1;131567;2759;33154;4751;451864;4890;716545;147538;716546;147547;1520881	1.00;1.00;0.99;0.96;0.96;0.94;0.93;0.93;0.93;0.92;0.48;0.48
private_T1889_concoct_bin.16.fa	taxid assigned	based on 27703/75744 ORFs	1;131567;2759;33090;3041;2692248;75966;75981;2511161;41891;248742;574566	1.00;1.00;0.96;0.93;0.88;0.87;0.81;0.71;0.71;0.71;0.70;0.70
private_T1889_concoct_merged.0.fa	taxid assigned	based on 33527/71064 ORFs	1;131567;2759;33090;3041;2692248;75966;2507901;2507902;13786;285719;2608996	1.00;1.00;0.99;0.98;0.97;0.96;0.95;0.93;0.93;0.93;0.93;0.92
private_T1894_concoct_bin.66.fa	taxid assigned	based on 28409/80850 ORFs	1;131567;2759;33090;3041;2692248;75966;75981;2511161;41891;248742;574566	1.00;1.00;0.96;0.93;0.88;0.87;0.81;0.71;0.71;0.71;0.70;0.69
private_T1894_metabat2_bin.4.fa	taxid assigned	based on 9938/21594 ORFs	1;131567;2759;33154;4751;451864;4890;716545;147538;716546;147547;1520881	1.00;1.00;0.99;0.96;0.96;0.95;0.94;0.94;0.94;0.93;0.53;0.53
private_T1904_concoct_bin.11.fa	taxid assigned	based on 13586/27372 ORFs	1;131567;2759;33154;4751;451864;4890;716545;147538;716546;147545;451870	1.00;1.00;0.98;0.96;0.96;0.95;0.94;0.94;0.93;0.93;0.64;0.56
private_T1904_concoct_bin.38.fa	taxid assigned	based on 38085/80939 ORFs	1;131567;2759;33090;3041;2692248;75966;2507901;2507902;13786;285719;2608996	1.00;1.00;0.99;0.98;0.97;0.96;0.95;0.93;0.93;0.93;0.93;0.93
private_T1904_metabat2_bin.21.fa	taxid assigned	based on 12348/28918 ORFs	1;131567;2759;33154;4751;451864;4890;716545;147538;716546;147547;1520881	1.00;1.00;0.99;0.97;0.97;0.96;0.95;0.95;0.95;0.94;0.61;0.61
private_T1912_concoct_bin.0.fa	taxid assigned	based on 31056/76817 ORFs	1;131567;2759;33090;3041;2692248;75966;2507901;2507902;13786;285719;2608996	1.00;1.00;0.98;0.97;0.94;0.94;0.91;0.88;0.88;0.88;0.88;0.86
private_T1912_concoct_bin.14.fa	taxid assigned	based on 13281/29553 ORFs	1;131567;2759;33154;4751;451864;4890;716545;147538;716546;147547;1520881	1.00;1.00;0.99;0.96;0.96;0.95;0.94;0.94;0.94;0.92;0.47;0.47
private_T1914_concoct_bin.18.fa	taxid assigned	based on 38965/83704 ORFs	1;131567;2759;33090;3041;2692248;75966;2507901;2507902;13786;285719;2608996	1.00;1.00;0.99;0.98;0.97;0.96;0.95;0.93;0.93;0.93;0.93;0.92
private_T1914_concoct_bin.19.fa	taxid assigned	based on 14135/27261 ORFs	1;131567;2759;33154;4751;451864;4890;716545;147538;716546;147545;451870;1618100;2231493;158045;158046	1.00;1.00;0.99;0.97;0.97;0.96;0.96;0.95;0.95;0.95;0.66;0.59;0.47;0.47;0.47;0.47
private_T1914_metabat2_bin.5.fa	taxid assigned	based on 16510/37036 ORFs	1;131567;2759;33154;4751;451864;4890;716545;147538;716546;147547;1520881;388435;5197;157822;78060;112415	1.00;1.00;0.99;0.98;0.98;0.98;0.97;0.97;0.97;0.96;0.77;0.77;0.70;0.70;0.70;0.68;0.68
private_T1916_concoct_bin.29.fa	taxid assigned	based on 14788/33109 ORFs	1;131567;2759;33154;4751;451864;4890;716545;147538;716546	1.00;1.00;0.98;0.92;0.92;0.89;0.88;0.88;0.87;0.85
private_TS1974_concoct_bin.10.fa	taxid assigned	based on 15920/34748 ORFs	1;131567;2759;33154;4751;451864;4890;716545;147538;716546;147547;1520881;388435;5197;157822;78060;112415	1.00;1.00;1.00;0.99;0.99;0.99;0.99;0.99;0.99;0.98;0.90;0.90;0.89;0.89;0.89;0.89;0.88
private_TS1974_concoct_bin.29.fa	taxid assigned	based on 34330/76375 ORFs	1;131567;2759;33090;3041;2692248;75966;2507901;2507902;13786;285719;2608996	1.00;1.00;0.99;0.97;0.96;0.95;0.93;0.91;0.91;0.91;0.91;0.90
private_VT12_concoct_bin.10.fa	taxid assigned	based on 15548/35918 ORFs	1;131567;2759;33154;4751;451864;4890;716545;147538;716546;147547;1520881;388435;5197;157822;78060;112415	1.00;1.00;1.00;0.99;0.99;0.99;0.99;0.99;0.99;0.98;0.90;0.90;0.89;0.89;0.89;0.88;0.88
private_VT15_metabat2_bin.1.fa	taxid assigned	based on 17270/37836 ORFs	1;131567;2759;33154;4751;451864;4890;716545;147538;716546;147547;1520881;388435;5197;157822;78060;112415	1.00;1.00;1.00;0.99;0.99;0.99;0.99;0.98;0.98;0.98;0.87;0.87;0.86;0.86;0.86;0.85;0.85
private_VT16_concoct_bin.11.fa	taxid assigned	based on 15769/34395 ORFs	1;131567;2759;33154;4751;451864;4890;716545;147538;716546;147547;1520881;388435;5197;157822;78060;112415	1.00;1.00;1.00;0.99;0.99;0.99;0.98;0.98;0.98;0.98;0.85;0.85;0.84;0.84;0.84;0.83;0.83
private_VT19_concoct_bin.7.fa	taxid assigned	based on 15050/37724 ORFs	1;131567;2759;33154;4751;451864;4890;716545;147538;716546;147547;1520881;388435;5197;157822;78060;112415	1.00;1.00;1.00;0.99;0.99;0.99;0.99;0.99;0.99;0.98;0.91;0.91;0.89;0.89;0.89;0.89;0.88
private_VT1_metabat2_bin.10.fa	taxid assigned	based on 16464/34932 ORFs	1;131567;2759;33154;4751;451864;4890;716545;147538;716546;147547;1520881;388435;5197;157822;78060;112415	1.00;1.00;1.00;0.99;0.99;0.99;0.98;0.98;0.98;0.98;0.88;0.88;0.87;0.87;0.87;0.86;0.86
private_VT22_concoct_bin.7.fa	taxid assigned	based on 12876/28153 ORFs	1;131567;2759;33154;4751;451864;4890;716545;147538;716546;147547;1520881;388435;5197;157822;78060;112415	1.00;1.00;1.00;0.99;0.99;0.99;0.99;0.99;0.99;0.99;0.93;0.93;0.92;0.92;0.92;0.91;0.91
private_VT26_concoct_bin.9.fa	taxid assigned	based on 16331/35046 ORFs	1;131567;2759;33154;4751;451864;4890;716545;147538;716546;147547;1520881;388435;5197;157822;78060;112415	1.00;1.00;1.00;0.99;0.99;0.99;0.99;0.99;0.99;0.98;0.91;0.91;0.90;0.90;0.90;0.89;0.89
private_VT2_concoct_bin.17.fa	taxid assigned	based on 16777/38781 ORFs	1;131567;2759;33154;4751;451864;4890;716545;147538;716546;147547;1520881;388435;5197;157822;78060;112415	1.00;1.00;1.00;0.99;0.99;0.99;0.98;0.98;0.98;0.98;0.86;0.86;0.85;0.85;0.85;0.84;0.84
private_VT31_metabat2_bin.4.fa	taxid assigned	based on 16188/34390 ORFs	1;131567;2759;33154;4751;451864;4890;716545;147538;716546;147547;1520881;388435;5197;157822;78060;112415	1.00;1.00;1.00;0.99;0.99;0.99;0.99;0.99;0.99;0.98;0.91;0.91;0.90;0.90;0.90;0.89;0.89
private_VT33_concoct_bin.0.fa	taxid assigned	based on 15572/33968 ORFs	1;131567;2759;33154;4751;451864;4890;716545;147538;716546;147547;1520881;388435;5197;157822;78060;112415	1.00;1.00;1.00;0.99;0.99;0.99;0.99;0.99;0.99;0.99;0.91;0.91;0.90;0.90;0.90;0.89;0.89
private_VT34_metabat2_bin.11.fa	taxid assigned	based on 11336/23579 ORFs	1;131567;2759;33154;4751;451864;4890;716545;147538;716546;147547;1520881;388435;5197;157822;78060;112415	1.00;1.00;1.00;0.99;0.99;0.98;0.98;0.98;0.98;0.97;0.86;0.86;0.82;0.82;0.82;0.80;0.80
private_VT38_concoct_bin.3.fa	taxid assigned	based on 11769/24339 ORFs	1;131567;2759;33154;4751;451864;4890;716545;147538;716546;147547;1520881;388435;5197;157822;78060;112415	1.00;1.00;1.00;0.99;0.99;0.99;0.99;0.99;0.99;0.99;0.94;0.94;0.93;0.93;0.93;0.93;0.93
private_VT38_concoct_bin.4.fa	taxid assigned	based on 38432/82607 ORFs	1;131567;2759;33090;3041;2692248;75966;2507901;2507902;13786;285719;2608996	1.00;1.00;0.99;0.98;0.97;0.96;0.95;0.93;0.93;0.93;0.93;0.92
private_X10_concoct_bin.0.fa	taxid assigned	based on 13625/31951 ORFs	1;131567;2759;33154;4751;451864;4890;716545;147538;716546;147547;1520881;388435;5197;157822;78060;112415	1.00;1.00;1.00;0.99;0.99;0.99;0.99;0.99;0.99;0.98;0.90;0.90;0.89;0.89;0.89;0.88;0.88
private_X10_concoct_bin.7.fa	taxid assigned	based on 32587/81359 ORFs	1;131567;2759;33090;3041;2692248;75966;2507901;2507902;13786;285719;2608996	1.00;1.00;0.98;0.96;0.94;0.94;0.91;0.88;0.88;0.88;0.87;0.86
private_X11_concoct_bin.15.fa	taxid assigned	based on 30314/78086 ORFs	1;131567;2759;33090;3041;2692248;75966;2507901;2507902;13786;285719;2608996	1.00;1.00;0.98;0.96;0.94;0.94;0.91;0.87;0.87;0.87;0.87;0.86
private_X11_metabat2_bin.10.fa	taxid assigned	based on 10610/25581 ORFs	1;131567;2759;33154;4751;451864;4890;716545;147538;716546;147547;1520881;388435;5197;157822;78060;112415	1.00;1.00;0.99;0.96;0.96;0.95;0.94;0.94;0.94;0.93;0.65;0.65;0.52;0.52;0.52;0.49;0.49
private_X12_concoct_bin.4.fa	taxid assigned	based on 13408/31571 ORFs	1;131567;2759;33154;4751;451864;4890;716545;147538;716546;147547;1520881;388435;5197;157822;78060;112415	1.00;1.00;1.00;0.99;0.99;0.99;0.99;0.99;0.99;0.98;0.91;0.91;0.90;0.90;0.90;0.90;0.90
private_X13_concoct_bin.5.fa	taxid assigned	based on 12155/24825 ORFs	1;131567;2759;33154;4751;451864;4890;716545;147538;716546;147547;1520881	1.00;1.00;0.99;0.96;0.96;0.95;0.94;0.94;0.94;0.92;0.52;0.52
private_X14_concoct_bin.2.fa	taxid assigned	based on 18281/37599 ORFs	1;131567;2759;33154;4751;451864;4890;716545;147538;716546;147547;1520881;388435;5197;157822;78060;112415	1.00;1.00;1.00;0.99;0.99;0.99;0.99;0.99;0.98;0.98;0.88;0.88;0.86;0.86;0.86;0.86;0.85
private_X15_concoct_bin.2.fa	taxid assigned	based on 11087/21236 ORFs	1;131567;2759;33154;4751;451864;4890;716545;147538;716546;147547;1520881;1520791;452227;87265;87266;136370	1.00;1.00;0.99;0.96;0.96;0.95;0.95;0.94;0.94;0.93;0.60;0.60;0.36;0.36;0.36;0.36;0.36
private_X16_concoct_bin.2.fa	taxid assigned	based on 12513/26362 ORFs	1;131567;2759;33154;4751;451864;4890;716545;147538;716546;147547;1520881;1520791;452227;87265;87266;136370	1.00;1.00;1.00;0.99;0.99;0.99;0.98;0.98;0.98;0.98;0.90;0.90;0.87;0.87;0.87;0.87;0.87
private_X1_concoct_bin.0.fa	taxid assigned	based on 12249/22748 ORFs	1;131567;2759;33154;4751;451864;5204;5302;155616;5234	1.00;1.00;0.99;0.99;0.98;0.97;0.94;0.94;0.92;0.79
private_X1_concoct_bin.13.fa	taxid assigned	based on 15637/33832 ORFs	1;131567;2759;33154;4751;451864;4890;716545;147538;716546;147547;1520881;388435;5197;157822;78060;112415	1.00;1.00;1.00;0.99;0.99;0.99;0.99;0.99;0.99;0.98;0.92;0.92;0.90;0.90;0.90;0.90;0.89
private_X1_metabat2_bin.11.fa	taxid assigned	based on 37475/79648 ORFs	1;131567;2759;33090;3041;2692248;75966;2507901;2507902;13786;285719;2608996	1.00;1.00;0.99;0.98;0.97;0.96;0.95;0.93;0.93;0.93;0.93;0.92
private_X2_concoct_bin.0.fa	taxid assigned	based on 15874/35903 ORFs	1;131567;2759;33154;4751;451864;4890;716545;147538;716546;147547;1520881;388435;5197;157822;78060;112415	1.00;1.00;1.00;0.99;0.99;0.99;0.98;0.98;0.97;0.97;0.87;0.87;0.85;0.85;0.85;0.85;0.84
private_X2_concoct_bin.1.fa	taxid assigned	based on 28791/87279 ORFs	1;131567;2759;33090;3041;2692248;75966;2507901;2507902;13786;285719;2608996	1.00;1.00;0.97;0.95;0.92;0.91;0.88;0.82;0.82;0.82;0.82;0.81
private_X3_concoct_bin.10.fa	taxid assigned	based on 16419/34936 ORFs	1;131567;2759;33154;4751;451864;4890;716545;147538;716546;147547;1520881;388435;5197;157822;78060;112415	1.00;1.00;1.00;0.99;0.99;0.99;0.98;0.98;0.98;0.98;0.88;0.88;0.87;0.87;0.87;0.86;0.86
private_X4_concoct_bin.17.fa	taxid assigned	based on 10665/25827 ORFs	1;131567;2759;33154;4751;451864;4890;716545;147538;716546;147547;1520881	1.00;1.00;0.99;0.97;0.97;0.96;0.95;0.95;0.95;0.94;0.60;0.60
private_X5_concoct_bin.21.fa	taxid assigned	based on 10413/25896 ORFs	1;131567;2759;33154;4751;451864;4890;716545;147538;716546;147547;1520881	1.00;1.00;0.99;0.97;0.97;0.96;0.95;0.95;0.95;0.93;0.61;0.61
private_X7_concoct_bin.1.fa	taxid assigned	based on 15707/34167 ORFs	1;131567;2759;33154;4751;451864;4890;716545;147538;716546;147547;1520881;388435;5197;157822;78060;112415	1.00;1.00;1.00;0.99;0.99;0.99;0.99;0.99;0.99;0.98;0.92;0.92;0.90;0.90;0.90;0.90;0.89
private_X7_metabat2_bin.4.fa	taxid assigned	based on 37123/78782 ORFs	1;131567;2759;33090;3041;2692248;75966;2507901;2507902;13786;285719;2608996	1.00;1.00;0.99;0.98;0.97;0.96;0.95;0.93;0.93;0.93;0.93;0.92
private_X8_concoct_bin.23.fa	taxid assigned	based on 11621/27487 ORFs	1;131567;2759;33154;4751;451864;4890;716545;147538;716546;147547;1520881;388435;5197;157822;78060;112415	1.00;1.00;0.99;0.96;0.96;0.95;0.94;0.94;0.94;0.93;0.64;0.64;0.51;0.51;0.51;0.47;0.47
private_X8_metabat2_bin.7.fa	taxid assigned	based on 11832/25139 ORFs	1;131567;2759;33154;4751;451864;5204;5302;155616;5234	1.00;1.00;0.99;0.99;0.98;0.97;0.95;0.94;0.92;0.79
private_X9_concoct_bin.20.fa	taxid assigned	based on 14960/33116 ORFs	1;131567;2759;33154;4751;451864;4890;716545;147538;716546;147547;1520881;388435;5197;157822;78060;112415	1.00;1.00;1.00;0.99;0.99;0.99;0.99;0.99;0.99;0.98;0.92;0.92;0.90;0.90;0.90;0.90;0.90
public_ERR4179389_metabat2_bin.32.fa	taxid assigned	based on 11639/22065 ORFs	1;131567;2759;33154;4751;451864;4890;716545;147538;716546;147547;1520881;388435;5197;157822;78060;112415	1.00;1.00;0.99;0.98;0.98;0.98;0.97;0.97;0.97;0.96;0.79;0.79;0.71;0.71;0.71;0.64;0.64
public_ERR4179390_concoct_bin.45.fa	taxid assigned	based on 18484/76836 ORFs	1;131567;2759;33090;3041;2692248;75966	1.00;0.99;0.90;0.81;0.68;0.65;0.47
public_ERR4179390_concoct_bin.75.fa	taxid assigned	based on 14073/47167 ORFs	1;131567;2759;33090;3041;2692248;75966	1.00;0.99;0.91;0.82;0.66;0.63;0.46
public_ERR4179390_metabat2_bin.28.fa	taxid assigned	based on 16609/47575 ORFs	1;131567;2759;33154;4751;451864;4890;716545;147538;716546;147547;1520881	1.00;1.00;0.99;0.97;0.97;0.96;0.95;0.95;0.95;0.93;0.53;0.53
public_ERR4179390_metabat2_bin.6.fa	taxid assigned	based on 9109/19263 ORFs	1;131567;2759;33154;4751;451864;4890;716545;147538;716546;147547;1520881;388435;5197;157822;78060;112415	1.00;1.00;0.99;0.95;0.95;0.93;0.92;0.92;0.92;0.90;0.55;0.55;0.42;0.42;0.42;0.40;0.40
public_SRR11456913_concoct_bin.13.fa	taxid assigned	based on 13105/39739 ORFs	1;131567;2759;33154;4751;451864;4890;716545;147538;716546;147547;1520881	1.00;1.00;0.98;0.95;0.94;0.93;0.92;0.92;0.92;0.89;0.48;0.48
public_SRR11456914_concoct_merged.0.fa	taxid assigned	based on 14055/46537 ORFs	1;131567;2759;33154;4751;451864;4890;716545;147538;716546;147547;1520881	1.00;1.00;0.98;0.94;0.94;0.93;0.92;0.92;0.91;0.89;0.51;0.51
public_SRR11456915_concoct_bin.5.fa	taxid assigned	based on 31607/65822 ORFs	1;131567;2759;33090;3041;2692248;75966;75981;2511161;41891;248742;574566	1.00;1.00;0.99;0.97;0.96;0.96;0.94;0.90;0.90;0.90;0.89;0.89
public_SRR11456915_metabat2_merged.0.fa	taxid assigned	based on 18561/63830 ORFs	1;131567;2759;33154;4751;451864;4890;716545;147538;716546;147547;1520881	1.00;1.00;0.95;0.91;0.91;0.90;0.88;0.88;0.87;0.85;0.45;0.45
public_SRR11456917_metabat2_merged.0.fa	taxid assigned	based on 13716/44932 ORFs	1;131567;2759;33154;4751;451864;4890;716545;147538;716546;147547;1520881	1.00;1.00;0.96;0.92;0.92;0.90;0.89;0.89;0.89;0.87;0.50;0.50
public_SRR11456918_metabat2_merged.0.fa	taxid assigned	based on 13926/44960 ORFs	1;131567;2759;33154;4751;451864;4890;716545;147538;716546;147547;1520881	1.00;1.00;0.97;0.94;0.94;0.92;0.91;0.91;0.91;0.89;0.51;0.51
public_SRR11456919_concoct_bin.22.fa	taxid assigned	based on 33996/67619 ORFs	1;131567;2759;33090;3041;2692248;75966;75981;2511161;41891;248742;574566	1.00;1.00;0.99;0.98;0.97;0.96;0.95;0.92;0.92;0.92;0.91;0.91
public_SRR11456919_metabat2_bin.15.fa	taxid assigned	based on 16991/62241 ORFs	1;131567;2759;33154;4751;451864;4890;716545;147538;716546;147547;1520881	1.00;1.00;0.96;0.93;0.92;0.91;0.90;0.90;0.90;0.88;0.52;0.52
public_SRR11456921_concoct_merged.0.fa	taxid assigned	based on 12428/40743 ORFs	1;131567;2759;33154;4751;451864;4890;716545;147538;716546;147547;1520881	1.00;1.00;0.98;0.94;0.94;0.93;0.92;0.92;0.91;0.89;0.50;0.50
public_SRR11456921_metabat2_merged.0.fa	taxid assigned	based on 15881/57479 ORFs	1;131567;2759;33154;4751;451864;4890;716545;147538;716546;147547;1520881	1.00;1.00;0.97;0.94;0.94;0.92;0.91;0.91;0.91;0.89;0.48;0.48
public_SRR11456922_metabat2_merged.1.fa	taxid assigned	based on 10556/39112 ORFs	1;131567;2759;33154;4751;451864;4890;716545;147538;716546;147547;1520881	1.00;1.00;0.98;0.94;0.94;0.92;0.91;0.91;0.91;0.89;0.53;0.53
public_SRR11456923_metabat2_merged.0.fa	taxid assigned	based on 11071/40075 ORFs	1;131567;2759;33154;4751;451864;4890;716545;147538;716546;147547;1520881	1.00;1.00;0.98;0.94;0.94;0.92;0.91;0.91;0.91;0.89;0.53;0.53
public_SRR12240174_metabat2_bin.2.fa	taxid assigned	based on 14807/30013 ORFs	1;131567;2759;33154;4751;451864;4890;716545;147538;716546;147547;1520881;388435;5197;157822;78060;112415	1.00;1.00;1.00;0.99;0.99;0.99;0.99;0.99;0.98;0.98;0.88;0.88;0.86;0.86;0.86;0.85;0.85
public_SRR12240175_concoct_merged.0.fa	taxid assigned	based on 15827/33782 ORFs	1;131567;2759;33154;4751;451864;4890;716545;147538;716546;147547;1520881;388435;5197;157822;78060;112415	1.00;1.00;0.99;0.98;0.98;0.98;0.98;0.98;0.98;0.97;0.87;0.87;0.85;0.85;0.85;0.84;0.84
public_SRR12240177_metabat2_bin.4.fa	taxid assigned	based on 15408/30741 ORFs	1;131567;2759;33154;4751;451864;4890;716545;147538;716546;147547;1520881;388435;5197;157822;78060;112415	1.00;1.00;1.00;0.99;0.99;0.99;0.99;0.99;0.98;0.98;0.88;0.88;0.86;0.86;0.86;0.85;0.85
public_SRR12240178_metabat2_bin.6.fa	taxid assigned	based on 14693/31021 ORFs	1;131567;2759;33154;4751;451864;4890;716545;147538;716546;147547;1520881;388435;5197;157822;78060;112415	1.00;1.00;1.00;0.99;0.99;0.99;0.99;0.99;0.99;0.98;0.89;0.89;0.87;0.87;0.87;0.87;0.86
public_SRR12240179_concoct_bin.1.fa	taxid assigned	based on 14348/30721 ORFs	1;131567;2759;33154;4751;451864;4890;716545;147538;716546;147547;1520881;388435;5197;157822;78060;112415	1.00;1.00;1.00;0.99;0.99;0.99;0.99;0.99;0.99;0.98;0.89;0.89;0.87;0.87;0.87;0.87;0.86
public_SRR12240180_concoct_bin.4.fa	taxid assigned	based on 14374/31251 ORFs	1;131567;2759;33154;4751;451864;4890;716545;147538;716546;147547;1520881;388435;5197;157822;78060;112415	1.00;1.00;1.00;0.99;0.99;0.99;0.99;0.99;0.98;0.98;0.89;0.89;0.87;0.87;0.87;0.86;0.85
public_SRR12240181_metabat2_bin.5.fa	taxid assigned	based on 13041/33306 ORFs	1;131567;2759;33154;4751;451864;4890;716545;147538;716546;147547;1520881	1.00;1.00;0.99;0.97;0.97;0.95;0.95;0.95;0.94;0.93;0.54;0.54
public_SRR12240182_metabat2_bin.7.fa	taxid assigned	based on 13224/32685 ORFs	1;131567;2759;33154;4751;451864;4890;716545;147538;716546;147547;1520881	1.00;1.00;0.99;0.96;0.96;0.95;0.94;0.94;0.94;0.92;0.55;0.55
public_SRR12240183_metabat2_bin.10.fa	taxid assigned	based on 14389/34684 ORFs	1;131567;2759;33154;4751;451864;4890;716545;147538;716546;147547;1520881	1.00;1.00;0.99;0.96;0.96;0.95;0.94;0.94;0.94;0.92;0.55;0.55
public_SRR12240184_concoct_bin.17.fa	taxid assigned	based on 12616/30174 ORFs	1;131567;2759;33154;4751;451864;4890;716545;147538;716546;147547;1520881	1.00;1.00;0.99;0.96;0.96;0.94;0.94;0.94;0.93;0.92;0.54;0.54
public_SRR12240185_concoct_bin.1.fa	taxid assigned	based on 14005/34152 ORFs	1;131567;2759;33154;4751;451864;4890;716545;147538;716546;147547;1520881	1.00;1.00;0.99;0.96;0.96;0.95;0.94;0.94;0.94;0.93;0.55;0.55
public_SRR12240187_metabat2_bin.8.fa	taxid assigned	based on 14734/31366 ORFs	1;131567;2759;33154;4751;451864;4890;716545;147538;716546;147547;1520881;388435;5197;157822;78060;112415	1.00;1.00;1.00;0.99;0.99;0.99;0.99;0.99;0.98;0.98;0.88;0.88;0.87;0.87;0.87;0.85;0.85
public_SRR12240188_concoct_bin.1.fa	taxid assigned	based on 14886/32173 ORFs	1;131567;2759;33154;4751;451864;4890;716545;147538;716546;147547;1520881;388435;5197;157822;78060;112415	1.00;1.00;1.00;0.99;0.99;0.99;0.98;0.98;0.98;0.98;0.88;0.88;0.86;0.86;0.86;0.85;0.85
public_SRR13125477_concoct_bin.14.fa	taxid assigned	based on 14367/30378 ORFs	1;131567;2759;33154;4751;451864;4890;716545;147538;716546;147547;1520881;388435;5197;157822;78060;112415	1.00;1.00;1.00;0.99;0.99;0.99;0.99;0.99;0.99;0.98;0.88;0.88;0.87;0.87;0.87;0.86;0.85
public_SRR13125477_metabat2_bin.13.fa	taxid assigned	based on 26135/78212 ORFs	1;131567;2759;33090;3041;2692248;75966;2507901;2507902;13786;285719;2608996	1.00;1.00;0.97;0.95;0.92;0.91;0.88;0.83;0.83;0.83;0.83;0.81
public_SRR13125762_concoct_bin.37.fa	taxid assigned	based on 15095/29432 ORFs	1;131567;2759;33154;4751;451864;4890;716545;147538;716546;147547;1520881;388435;5197;157822;78060;112415	1.00;1.00;1.00;0.99;0.99;0.99;0.99;0.99;0.99;0.98;0.89;0.89;0.87;0.87;0.87;0.87;0.86
public_SRR13125762_concoct_merged.0.fa	taxid assigned	based on 25569/51220 ORFs	1;131567;2759;33090;3041;2692248;75966;2507901;2507902;13786;285719;2608996	1.00;1.00;0.99;0.98;0.97;0.96;0.95;0.93;0.93;0.93;0.93;0.92
public_SRR13125985_concoct_bin.8.fa	taxid assigned	based on 13344/25270 ORFs	1;131567;2759;33154;4751;451864;4890;716545;147538;716546;147547;1520881;388435;5197;157822;78060;112415	1.00;1.00;1.00;0.99;0.99;0.99;0.99;0.99;0.98;0.98;0.88;0.88;0.86;0.86;0.86;0.85;0.85
public_SRR13126647_concoct_merged.0.fa	taxid assigned	based on 14809/27878 ORFs	1;131567;2759;33154;4751;451864;4890;716545;147538;716546;147547;1520881;388435;5197;157822;78060;112415	1.00;1.00;1.00;0.99;0.99;0.99;0.98;0.98;0.98;0.98;0.86;0.86;0.85;0.85;0.85;0.83;0.83
public_SRR13126796_metabat2_bin.1.fa	taxid assigned	based on 15703/30282 ORFs	1;131567;2759;33154;4751;451864;4890;716545;147538;716546;147547;1520881;388435;5197;157822;78060;112415	1.00;1.00;1.00;0.99;0.99;0.99;0.99;0.98;0.98;0.98;0.87;0.87;0.85;0.85;0.85;0.84;0.84
public_SRR13126828_metabat2_bin.1.fa	taxid assigned	based on 16349/31740 ORFs	1;131567;2759;33154;4751;451864;4890;716545;147538;716546;147547;1520881;388435;5197;157822;78060;112415	1.00;1.00;1.00;0.99;0.99;0.99;0.98;0.98;0.98;0.98;0.86;0.86;0.85;0.85;0.85;0.83;0.83
public_SRR13126859_metabat2_bin.7.fa	taxid assigned	based on 15272/30376 ORFs	1;131567;2759;33154;4751;451864;4890;716545;147538;716546;147547;1520881;388435;5197;157822;78060;112415	1.00;1.00;1.00;0.99;0.99;0.99;0.99;0.99;0.99;0.98;0.88;0.88;0.87;0.87;0.87;0.86;0.86
public_SRR13167197_metabat2_bin.1.fa	taxid assigned	based on 15432/30415 ORFs	1;131567;2759;33154;4751;451864;4890;716545;147538;716546;147547;1520881;388435;5197;157822;78060;112415	1.00;1.00;1.00;0.99;0.99;0.99;0.99;0.99;0.98;0.98;0.87;0.87;0.86;0.86;0.86;0.85;0.84
public_SRR13685140_metabat2_bin.1.fa	taxid assigned	based on 10249/21675 ORFs	1;131567;2759;33154;4751;451864;4890;716545;147538;716546	1.00;1.00;0.98;0.59;0.59;0.56;0.55;0.55;0.55;0.53
public_SRR13685154_metabat2_bin.1.fa	taxid assigned	based on 11258/22947 ORFs	1;131567;2759;33154;4751;451864;4890;716545;147538;716546	1.00;1.00;0.98;0.89;0.89;0.84;0.83;0.83;0.82;0.79
public_SRR13685157_metabat2_bin.1.fa	taxid assigned	based on 9402/18840 ORFs	1;131567;2759;33154;4751;451864;4890;716545;147538;716546;147547;1520881;388435;5197;157822;78060;112415	1.00;1.00;0.99;0.96;0.96;0.95;0.94;0.94;0.94;0.93;0.63;0.63;0.49;0.49;0.49;0.46;0.46
public_SRR13685158_concoct_merged.0.fa	taxid assigned	based on 13906/31104 ORFs	1;131567;2759;33154;4751;451864;4890;716545;147538;716546	1.00;1.00;0.99;0.95;0.95;0.92;0.91;0.91;0.90;0.88
public_SRR13685159_concoct_merged.0.fa	taxid assigned	based on 32539/65371 ORFs	1;131567;2759;33090;3041;2692248;75966;75981;2511161;41891;248742;574566	1.00;1.00;0.99;0.98;0.97;0.97;0.95;0.92;0.92;0.92;0.91;0.91
public_SRR13685161_metabat2_bin.1.fa	taxid assigned	based on 14788/31806 ORFs	1;131567;2759;33154;4751;451864;4890;716545;147538;716546;147547;1520881	1.00;1.00;0.99;0.96;0.96;0.95;0.94;0.94;0.94;0.92;0.52;0.52
public_SRR13685162_metabat2_bin.2.fa	taxid assigned	based on 16039/31572 ORFs	1;131567;2759;33154;4751;451864;4890;716545;147538;716546;147547;1520881;388435;5197;157822;78060;112415	1.00;1.00;1.00;0.99;0.99;0.99;0.99;0.99;0.98;0.98;0.87;0.87;0.85;0.85;0.85;0.85;0.84
public_SRR13685164_concoct_bin.7.fa	taxid assigned	based on 15681/30479 ORFs	1;131567;2759;33154;4751;451864;4890;716545;147538;716546;147547;1520881;388435;5197;157822;78060;112415	1.00;1.00;1.00;0.99;0.99;0.99;0.98;0.98;0.98;0.98;0.86;0.86;0.85;0.85;0.85;0.84;0.83
public_SRR13685165_metabat2_bin.3.fa	taxid assigned	based on 16522/31991 ORFs	1;131567;2759;33154;4751;451864;4890;716545;147538;716546;147547;1520881;388435;5197;157822;78060;112415	1.00;1.00;1.00;0.99;0.99;0.99;0.98;0.98;0.98;0.98;0.85;0.85;0.83;0.83;0.83;0.82;0.82
public_SRR14721922_metabat2_bin.4.fa	taxid assigned	based on 14321/30777 ORFs	1;131567;2759;33154;4751;451864;4890;716545;147538;716546;147547;1520881	1.00;1.00;0.99;0.96;0.96;0.95;0.94;0.94;0.94;0.92;0.52;0.52
public_SRR14721923_metabat2_bin.2.fa	taxid assigned	based on 13160/28695 ORFs	1;131567;2759;33154;4751;451864;4890;716545;147538;716546	1.00;1.00;0.98;0.92;0.92;0.88;0.87;0.87;0.87;0.84
public_SRR14721925_concoct_bin.8.fa	taxid assigned	based on 14282/31546 ORFs	1;131567;2759;33154;4751;451864;4890;716545;147538;716546;147547;1520881	1.00;1.00;0.99;0.96;0.96;0.95;0.94;0.94;0.94;0.92;0.52;0.52
public_SRR14721926_metabat2_bin.3.fa	taxid assigned	based on 14200/32014 ORFs	1;131567;2759;33154;4751;451864;4890;716545;147538;716546;147547;1520881	1.00;1.00;0.99;0.96;0.96;0.95;0.94;0.94;0.94;0.93;0.54;0.54
public_SRR14721927_metabat2_bin.2.fa	taxid assigned	based on 16753/33529 ORFs	1;131567;2759;33154;4751;451864;4890;716545;147538;716546;147547;1520881;388435;5197;157822;78060;112415	1.00;1.00;1.00;0.99;0.99;0.99;0.98;0.98;0.98;0.98;0.83;0.83;0.82;0.82;0.82;0.81;0.81
public_SRR14721929_concoct_bin.20.fa	taxid assigned	based on 7034/11862 ORFs	1;131567;2759;33154;4751;451864;4890;716545;147538;716546;147545;451870;34395;43219	1.00;1.00;0.97;0.94;0.94;0.93;0.93;0.93;0.93;0.92;0.76;0.71;0.51;0.35
public_SRR14721929_metabat2_bin.13.fa	taxid assigned	based on 14327/31272 ORFs	1;131567;2759;33154;4751;451864;4890;716545;147538;716546;147547;1520881	1.00;1.00;0.99;0.97;0.96;0.95;0.94;0.94;0.94;0.93;0.54;0.54
public_SRR14721931_concoct_merged.0.fa	taxid assigned	based on 13482/30081 ORFs	1;131567;2759;33154;4751;451864;4890;716545;147538;716546;147547;1520881	1.00;1.00;0.98;0.96;0.96;0.94;0.93;0.93;0.93;0.91;0.52;0.52
public_SRR14721932_concoct_bin.34.fa	taxid assigned	based on 13061/27780 ORFs	1;131567;2759;33154;4751;451864;4890;716545;147538;716546	1.00;1.00;0.98;0.92;0.92;0.89;0.87;0.87;0.87;0.85
public_SRR14721933_metabat2_bin.1.fa	taxid assigned	based on 14925/28542 ORFs	1;131567;2759;33154;4751;451864;4890;716545;147538;716546;715962;147541;159987;714581;271822;1929940;1048519	1.00;1.00;1.00;0.98;0.98;0.98;0.98;0.98;0.97;0.97;0.88;0.88;0.81;0.79;0.79;0.79;0.79
public_SRR14721935_metabat2_bin.5.fa	taxid assigned	based on 15589/31191 ORFs	1;131567;2759;33154;4751;451864;4890;716545;147538;716546;147547;1520881;388435;5197;157822;78060;112415	1.00;1.00;1.00;0.99;0.99;0.99;0.98;0.98;0.98;0.98;0.84;0.84;0.83;0.83;0.83;0.82;0.82
public_SRR14721936_concoct_merged.0.fa	taxid assigned	based on 12536/24204 ORFs	1;131567;2759;33154;4751;451864;4890;716545;147538;716546;147547;1520881;388435;5197;157822;78060;112415	1.00;1.00;0.99;0.98;0.98;0.97;0.97;0.97;0.97;0.96;0.76;0.76;0.68;0.68;0.68;0.60;0.60
public_SRR14721937_metabat2_bin.4.fa	taxid assigned	based on 12080/23944 ORFs	1;131567;2759;33154;4751;451864;4890;716545;147538;716546;147545;451870;146291;146292;364710;364733	1.00;1.00;1.00;0.99;0.99;0.99;0.98;0.98;0.98;0.98;0.89;0.87;0.84;0.84;0.84;0.84
public_SRR14721939_concoct_merged.0.fa	taxid assigned	based on 13362/26049 ORFs	1;131567;2759;33154;4751;451864;4890;716545;147538;716546;147547;1520881;388435;5197;157822;78060;112415	1.00;1.00;0.99;0.98;0.98;0.97;0.97;0.97;0.97;0.96;0.76;0.76;0.68;0.68;0.68;0.60;0.60
public_SRR14721941_concoct_bin.5.fa	taxid assigned	based on 12485/27425 ORFs	1;131567;2759;33154;4751;451864;4890;716545;147538;716546;147547;1520881	1.00;1.00;0.99;0.97;0.97;0.96;0.96;0.96;0.95;0.94;0.60;0.60
public_SRR14721942_metabat2_bin.2.fa	taxid assigned	based on 15273/32599 ORFs	1;131567;2759;33154;4751;451864;4890;716545;147538;716546;147547;1520881;388435;5197;157822;78060;112415	1.00;1.00;1.00;0.99;0.99;0.98;0.98;0.98;0.98;0.98;0.84;0.84;0.82;0.82;0.82;0.81;0.81
public_SRR14721943_metabat2_bin.1.fa	taxid assigned	based on 16172/32295 ORFs	1;131567;2759;33154;4751;451864;4890;716545;147538;716546;147547;1520881;388435;5197;157822;78060;112415	1.00;1.00;1.00;0.99;0.99;0.99;0.98;0.98;0.98;0.98;0.84;0.84;0.83;0.83;0.83;0.82;0.81
public_SRR14721944_concoct_merged.0.fa	taxid assigned	based on 10991/23008 ORFs	1;131567;2759;33154;4751;451864;4890;716545;147538;716546;147547;1520881;388435;5197;157822;78060;112415	1.00;1.00;0.99;0.98;0.98;0.97;0.97;0.97;0.97;0.95;0.75;0.75;0.66;0.66;0.66;0.63;0.63
public_SRR14721945_metabat2_bin.3.fa	taxid assigned	based on 11948/26976 ORFs	1;131567;2759;33154;4751;451864;4890;716545;147538;716546;147547;1520881	1.00;1.00;0.99;0.96;0.96;0.94;0.93;0.93;0.93;0.92;0.48;0.48
public_SRR14721946_metabat2_bin.2.fa	taxid assigned	based on 11074/23512 ORFs	1;131567;2759;33154;4751;451864;4890;716545;147538;716546	1.00;1.00;0.98;0.91;0.91;0.88;0.87;0.86;0.86;0.84
public_SRR14721947_metabat2_bin.6.fa	taxid assigned	based on 15939/31723 ORFs	1;131567;2759;33154;4751;451864;4890;716545;147538;716546;147547;1520881;388435;5197;157822;78060;112415	1.00;1.00;1.00;0.99;0.99;0.99;0.98;0.98;0.98;0.98;0.86;0.86;0.85;0.85;0.85;0.84;0.84
public_SRR14721948_concoct_merged.0.fa	taxid assigned	based on 14024/31544 ORFs	1;131567;2759;33154;4751;451864;4890;716545;147538;716546;147547;1520881	1.00;1.00;0.99;0.97;0.97;0.96;0.95;0.95;0.95;0.94;0.58;0.58
public_SRR14721949_concoct_bin.4.fa	taxid assigned	based on 12421/27587 ORFs	1;131567;2759;33154;4751;451864;4890;716545;147538;716546;147547;1520881	1.00;1.00;0.99;0.96;0.96;0.94;0.94;0.93;0.93;0.92;0.55;0.55
public_SRR14721950_metabat2_bin.6.fa	taxid assigned	based on 10237/21120 ORFs	1;131567;2759;33154;4751;451864;4890;716545;147538;716546	1.00;1.00;0.98;0.89;0.89;0.86;0.84;0.84;0.84;0.81
public_SRR14721952_concoct_merged.0.fa	taxid assigned	based on 15077/29789 ORFs	1;131567;2759;33154;4751;451864;4890;716545;147538;716546;147547;1520881;388435;5197;157822;78060;112415	1.00;1.00;0.99;0.98;0.98;0.97;0.97;0.97;0.97;0.96;0.74;0.74;0.67;0.67;0.67;0.59;0.59
public_SRR14721953_concoct_bin.46.fa	taxid assigned	based on 9203/17071 ORFs	1;131567;2759;33154;4751;451864;4890;716545;147538;716546;147547;1520881	1.00;1.00;0.99;0.96;0.96;0.95;0.94;0.94;0.94;0.92;0.58;0.58
public_SRR14721954_metabat2_bin.3.fa	taxid assigned	based on 10099/21970 ORFs	1;131567;2759;33154;4751;451864;4890;716545;147538;716546;147547;1520881	1.00;1.00;0.99;0.96;0.96;0.95;0.95;0.95;0.94;0.93;0.51;0.51
public_SRR14721956_metabat2_bin.3.fa	taxid assigned	based on 16684/32180 ORFs	1;131567;2759;33154;4751;451864;4890;716545;147538;716546;147547;1520881;388435;5197;157822;78060;112415	1.00;1.00;1.00;0.99;0.99;0.99;0.98;0.98;0.98;0.98;0.83;0.83;0.81;0.81;0.81;0.80;0.80
public_SRR14721957_metabat2_bin.1.fa	taxid assigned	based on 7372/14134 ORFs	1;131567;2759;33154;4751;451864;4890;716545;147538;716546	1.00;1.00;0.97;0.89;0.88;0.84;0.83;0.83;0.83;0.78
public_SRR14721959_metabat2_bin.2.fa	taxid assigned	based on 10586/20133 ORFs	1;131567;2759;33154;4751;451864;4890;716545;147538;716546;147547;1520881	1.00;1.00;0.99;0.96;0.96;0.94;0.93;0.93;0.93;0.91;0.47;0.47
public_SRR14721960_metabat2_bin.2.fa	taxid assigned	based on 11049/23752 ORFs	1;131567;2759;33154;4751;451864;4890;716545;147538;716546;147547;1520881;388435;5197;157822;78060;112415	1.00;1.00;0.99;0.97;0.97;0.95;0.95;0.95;0.95;0.93;0.66;0.66;0.52;0.52;0.52;0.49;0.49
public_SRR14721961_concoct_bin.1.fa	taxid assigned	based on 8162/14343 ORFs	1;131567;2759;33154;4751;451864;4890;716545;147538;716546;147545;451870;146291;146292;364710;364733	1.00;1.00;0.99;0.99;0.99;0.98;0.98;0.98;0.98;0.98;0.89;0.87;0.85;0.85;0.85;0.85
public_SRR14721962_metabat2_bin.6.fa	taxid assigned	based on 10276/22363 ORFs	1;131567;2759;33154;4751;451864;4890;716545;147538;716546;147547;1520881;388435;5197;157822;78060;112415	1.00;1.00;0.99;0.97;0.97;0.95;0.95;0.95;0.95;0.94;0.64;0.64;0.51;0.51;0.51;0.47;0.47
public_SRR14721964_metabat2_bin.3.fa	taxid assigned	based on 11799/24730 ORFs	1;131567;2759;33154;4751;451864;4890;716545;147538;716546;147547;1520881;388435;5197;157822;78060;112415	1.00;1.00;0.99;0.96;0.96;0.95;0.95;0.95;0.94;0.93;0.64;0.64;0.51;0.51;0.51;0.48;0.48
public_SRR14721965_metabat2_bin.1.fa	taxid assigned	based on 14451/29257 ORFs	1;131567;2759;33154;4751;451864;4890;716545;147538;716546;147547;1520881;388435;5197;157822;78060;112415	1.00;1.00;0.99;0.98;0.98;0.98;0.97;0.97;0.97;0.96;0.75;0.75;0.68;0.68;0.68;0.60;0.60
public_SRR14721966_metabat2_bin.6.fa	taxid assigned	based on 10734/25577 ORFs	1;131567;2759;33154;4751;451864;4890;716545;147538;716546	1.00;1.00;0.98;0.57;0.57;0.54;0.53;0.53;0.53;0.52
public_SRR14721968_concoct_bin.6.fa	taxid assigned	based on 10415/19961 ORFs	1;131567;2759;33154;4751;451864;4890;716545;147538;716546;147545;451870;146291;146292;364710;364733	1.00;1.00;0.99;0.99;0.98;0.98;0.98;0.98;0.98;0.98;0.88;0.86;0.82;0.82;0.82;0.82
public_SRR14721970_metabat2_bin.1.fa	taxid assigned	based on 13752/30028 ORFs	1;131567;2759;33154;4751;451864;4890;716545;147538;716546	1.00;1.00;0.98;0.92;0.92;0.89;0.87;0.87;0.87;0.85
public_SRR14721971_concoct_merged.0.fa	taxid assigned	based on 10909/23472 ORFs	1;131567;2759;33154;4751;451864;4890;716545;147538;716546	1.00;1.00;0.98;0.90;0.90;0.86;0.84;0.84;0.84;0.81
public_SRR14721973_metabat2_bin.2.fa	taxid assigned	based on 15592/34843 ORFs	1;131567;2759;33154;4751;451864;4890;716545;147538;716546	1.00;1.00;0.98;0.92;0.92;0.89;0.87;0.87;0.87;0.85
public_SRR14721974_metabat2_bin.1.fa	taxid assigned	based on 13917/26706 ORFs	1;131567;2759;33154;4751;451864;4890;716545;147538;716546;147547;1520881;388435;5197;157822;78060;112415	1.00;1.00;1.00;0.99;0.99;0.99;0.98;0.98;0.98;0.98;0.89;0.89;0.88;0.88;0.88;0.87;0.87
public_SRR14721977_metabat2_bin.1.fa	taxid assigned	based on 8563/18893 ORFs	1;131567;2759;33154;4751;451864;4890;716545;147538;716546	1.00;1.00;0.98;0.88;0.88;0.84;0.82;0.82;0.82;0.79
public_SRR14721978_concoct_merged.0.fa	taxid assigned	based on 11451/23496 ORFs	1;131567;2759;33154;4751;451864;4890;716545;147538;716546	1.00;1.00;0.98;0.60;0.60;0.57;0.56;0.56;0.56;0.54
public_SRR14721979_metabat2_bin.1.fa	taxid assigned	based on 17737/35519 ORFs	1;131567;2759;33154;4751;451864;4890;716545;147538;716546;147547;1520881;388435;5197;157822;78060;112415	1.00;1.00;1.00;0.99;0.99;0.99;0.98;0.98;0.98;0.98;0.81;0.81;0.79;0.79;0.79;0.78;0.78
public_SRR14721980_metabat2_bin.4.fa	taxid assigned	based on 12248/24862 ORFs	1;131567;2759;33154;4751;451864;4890;716545;147538;716546;147547;1520881;1520791;452227;87265;87266;136370	1.00;1.00;0.99;0.96;0.96;0.95;0.95;0.95;0.94;0.93;0.55;0.55;0.31;0.31;0.31;0.31;0.31
public_SRR14721982_metabat2_bin.3.fa	taxid assigned	based on 10290/21868 ORFs	1;131567;2759;33154;4751;451864;4890;716545;147538;716546	1.00;1.00;0.99;0.56;0.56;0.53;0.52;0.52;0.51;0.50
public_SRR14721983_metabat2_bin.1.fa	taxid assigned	based on 11301/26479 ORFs	1;131567;2759;33154;4751;451864;4890;716545;147538;716546	1.00;1.00;0.99;0.93;0.93;0.91;0.89;0.89;0.89;0.87
public_SRR14721984_concoct_merged.0.fa	taxid assigned	based on 14219/33950 ORFs	1;131567;2759;33154;4751;451864;4890;716545;147538;716546;147547;1520881	1.00;1.00;0.99;0.95;0.95;0.93;0.91;0.91;0.91;0.89;0.30;0.30
public_SRR14721985_metabat2_bin.4.fa	taxid assigned	based on 15698/31646 ORFs	1;131567;2759;33154;4751;451864;4890;716545;147538;716546;147547;1520881;388435;5197;157822;78060;112415	1.00;1.00;1.00;0.99;0.99;0.99;0.98;0.98;0.98;0.98;0.89;0.89;0.88;0.88;0.88;0.88;0.87
public_SRR14721986_metabat2_bin.4.fa	taxid assigned	based on 13406/27997 ORFs	1;131567;2759;33154;4751;451864;4890;716545;147538;716546;147547;1520881	1.00;1.00;0.99;0.96;0.96;0.95;0.94;0.94;0.94;0.93;0.54;0.54
public_SRR14721987_metabat2_bin.1.fa	taxid assigned	based on 12659/26922 ORFs	1;131567;2759;33154;4751;451864;4890;716545;147538;716546;147547;1520881;388435;5197;157822;78060;112415	1.00;1.00;0.99;0.98;0.98;0.97;0.97;0.97;0.96;0.95;0.75;0.75;0.67;0.67;0.67;0.65;0.65
public_SRR14721990_metabat2_bin.6.fa	taxid assigned	based on 13379/27778 ORFs	1;131567;2759;33154;4751;451864;4890;716545;147538;716546;147547;1520881	1.00;1.00;0.99;0.96;0.96;0.95;0.94;0.94;0.94;0.93;0.54;0.54
public_SRR14721991_concoct_merged.0.fa	taxid assigned	based on 15075/32944 ORFs	1;131567;2759;33154;4751;451864;4890;716545;147538;716546;147547;1520881	1.00;1.00;0.99;0.96;0.96;0.94;0.93;0.93;0.93;0.91;0.50;0.50
public_SRR14721992_concoct_merged.0.fa	taxid assigned	based on 16103/30747 ORFs	1;131567;2759;33154;4751;451864;4890;716545;147538;716546;147547;1520881;388435;5197;157822;78060;112415	1.00;1.00;1.00;0.99;0.99;0.99;0.98;0.98;0.98;0.97;0.82;0.82;0.80;0.80;0.80;0.78;0.78
public_SRR14721993_concoct_bin.5.fa	taxid assigned	based on 13033/26809 ORFs	1;131567;2759;33154;4751;451864;4890;716545;147538;716546;147547;1520881;388435;5197;157822;78060;112415	1.00;1.00;0.99;0.98;0.98;0.97;0.97;0.97;0.97;0.96;0.76;0.76;0.69;0.69;0.69;0.66;0.66
public_SRR14721995_metabat2_bin.4.fa	taxid assigned	based on 14791/30886 ORFs	1;131567;2759;33154;4751;451864;4890;716545;147538;716546;147547;1520881	1.00;1.00;0.99;0.96;0.96;0.94;0.94;0.93;0.93;0.91;0.44;0.44
public_SRR14721996_metabat2_bin.8.fa	taxid assigned	based on 18242/36163 ORFs	1;131567;2759;33154;4751;451864;4890;716545;147538;716546;147547;1520881;388435;5197;157822;78060;112415	1.00;1.00;1.00;0.99;0.99;0.99;0.99;0.99;0.98;0.98;0.87;0.87;0.86;0.86;0.86;0.85;0.85
public_SRR14721997_metabat2_bin.1.fa	taxid assigned	based on 16925/33176 ORFs	1;131567;2759;33154;4751;451864;4890;716545;147538;716546;147547;1520881;388435;5197;157822;78060;112415	1.00;1.00;1.00;0.99;0.99;0.99;0.98;0.98;0.98;0.98;0.83;0.83;0.81;0.81;0.81;0.80;0.80
public_SRR14721999_concoct_bin.2.fa	taxid assigned	based on 11869/23309 ORFs	1;131567;2759;33154;4751;451864;4890;716545;147538;716546;147547;1520881;1520791;452227;87265;87266;136370	1.00;1.00;0.99;0.96;0.96;0.95;0.94;0.94;0.94;0.93;0.53;0.53;0.30;0.30;0.30;0.30;0.30
public_SRR14722000_concoct_merged.0.fa	taxid assigned	based on 16490/32149 ORFs	1;131567;2759;33154;4751;451864;4890;716545;147538;716546;147547;1520881;388435;5197;157822;78060;112415	1.00;1.00;1.00;0.99;0.99;0.99;0.98;0.98;0.98;0.98;0.83;0.83;0.81;0.81;0.81;0.80;0.80
public_SRR14722002_metabat2_bin.2.fa	taxid assigned	based on 15069/30128 ORFs	1;131567;2759;33154;4751;451864;4890;716545;147538;716546;147547;1520881;388435;5197;157822;78060;112415	1.00;1.00;1.00;0.99;0.99;0.99;0.99;0.99;0.98;0.98;0.87;0.87;0.85;0.85;0.85;0.84;0.84
public_SRR14722003_metabat2_bin.1.fa	taxid assigned	based on 10749/24501 ORFs	1;131567;2759;33154;4751;451864;4890;716545;147538;716546;147547;1520881;388435;5197;157822;78060;112415	1.00;1.00;0.99;0.97;0.97;0.95;0.95;0.95;0.95;0.94;0.66;0.66;0.52;0.52;0.52;0.48;0.48
public_SRR14722004_metabat2_bin.1.fa	taxid assigned	based on 17304/34543 ORFs	1;131567;2759;33154;4751;451864;4890;716545;147538;716546;147547;1520881;388435;5197;157822;78060;112415	1.00;1.00;1.00;0.99;0.99;0.99;0.98;0.98;0.98;0.98;0.85;0.85;0.84;0.84;0.84;0.83;0.82
public_SRR14722005_metabat2_bin.1.fa	taxid assigned	based on 14294/30068 ORFs	1;131567;2759;33154;4751;451864;4890;716545;147538;716546;147547;1520881	1.00;1.00;0.99;0.96;0.96;0.95;0.94;0.94;0.94;0.92;0.52;0.52
public_SRR14722006_metabat2_bin.2.fa	taxid assigned	based on 17211/34699 ORFs	1;131567;2759;33154;4751;451864;4890;716545;147538;716546;147547;1520881;388435;5197;157822;78060;112415	1.00;1.00;1.00;0.99;0.99;0.99;0.99;0.99;0.98;0.98;0.85;0.85;0.83;0.83;0.83;0.82;0.82
public_SRR14722007_metabat2_bin.10.fa	taxid assigned	based on 16147/32700 ORFs	1;131567;2759;33154;4751;451864;4890;716545;147538;716546;147547;1520881;388435;5197;157822;78060;112415	1.00;1.00;1.00;0.99;0.99;0.99;0.99;0.98;0.98;0.98;0.88;0.88;0.86;0.86;0.86;0.86;0.85
public_SRR14722009_concoct_bin.5.fa	taxid assigned	based on 13219/26180 ORFs	1;131567;2759;33154;4751;451864;4890;716545;147538;716546;147547;1520881;388435;5197;157822;78060;112415	1.00;1.00;1.00;0.98;0.98;0.97;0.97;0.97;0.97;0.96;0.76;0.76;0.69;0.69;0.69;0.61;0.61
public_SRR14722010_metabat2_bin.2.fa	taxid assigned	based on 12823/30718 ORFs	1;131567;2759;33154;4751;451864;4890;716545;147538;716546;147547;1520881	1.00;1.00;0.99;0.95;0.95;0.92;0.91;0.91;0.91;0.89;0.31;0.31
public_SRR14722012_metabat2_bin.2.fa	taxid assigned	based on 13072/28566 ORFs	1;131567;2759;33154;4751;451864;4890;716545;147538;716546	1.00;1.00;0.99;0.93;0.93;0.90;0.88;0.88;0.88;0.86
public_SRR14722013_metabat2_bin.2.fa	taxid assigned	based on 12466/26557 ORFs	1;131567;2759;33154;4751;451864;4890;716545;147538;716546;147547;1520881;388435;5197;157822;78060;112415	1.00;1.00;0.99;0.97;0.97;0.96;0.95;0.95;0.95;0.94;0.67;0.67;0.54;0.54;0.54;0.52;0.52
public_SRR14722014_metabat2_bin.1.fa	taxid assigned	based on 14453/29264 ORFs	1;131567;2759;33154;4751;451864;4890;716545;147538;716546;147547;1520881;388435;5197;157822;78060;112415	1.00;1.00;1.00;0.99;0.99;0.99;0.99;0.99;0.99;0.98;0.87;0.87;0.86;0.86;0.86;0.85;0.85
public_SRR14722015_metabat2_bin.2.fa	taxid assigned	based on 9352/19200 ORFs	1;131567;2759;33154;4751;451864;4890;716545;147538;716546;147547;1520881	1.00;1.00;0.99;0.96;0.96;0.94;0.94;0.94;0.94;0.92;0.47;0.47
public_SRR14722016_metabat2_bin.3.fa	taxid assigned	based on 11954/22418 ORFs	1;131567;2759;33154;4751;451864;4890;716545;147538;716546;147547;1520881;1520791;452227;87265;87266;136370	1.00;1.00;0.99;0.99;0.99;0.99;0.98;0.98;0.98;0.98;0.89;0.89;0.87;0.87;0.87;0.87;0.87
public_SRR14722017_metabat2_bin.2.fa	taxid assigned	based on 14628/31749 ORFs	1;131567;2759;33154;4751;451864;4890;716545;147538;716546;147547;1520881	1.00;1.00;0.99;0.96;0.96;0.95;0.94;0.94;0.94;0.93;0.52;0.52
public_SRR14722018_metabat2_bin.2.fa	taxid assigned	based on 9918/20086 ORFs	1;131567;2759;33154;4751;451864;4890;716545;147538;716546;147547;1520881;388435;5197;157822;78060;112415	1.00;1.00;1.00;0.98;0.98;0.98;0.97;0.97;0.97;0.96;0.78;0.78;0.70;0.70;0.70;0.66;0.66
public_SRR14722019_concoct_merged.0.fa	taxid assigned	based on 13705/33117 ORFs	1;131567;2759;33154;4751;451864;4890;716545;147538;716546;147547;1520881	1.00;1.00;0.99;0.97;0.97;0.96;0.95;0.95;0.94;0.93;0.55;0.55
public_SRR14722020_concoct_merged.0.fa	taxid assigned	based on 15246/28784 ORFs	1;131567;2759;33154;4751;451864;4890;716545;147538;716546;147547;1520881;388435;5197;157822;78060;112415	1.00;1.00;1.00;0.99;0.99;0.99;0.98;0.98;0.98;0.97;0.82;0.82;0.80;0.80;0.80;0.79;0.79
public_SRR14722021_metabat2_bin.1.fa	taxid assigned	based on 16137/31767 ORFs	1;131567;2759;33154;4751;451864;4890;716545;147538;716546;147547;1520881;388435;5197;157822;78060;112415	1.00;1.00;1.00;0.99;0.99;0.99;0.98;0.98;0.98;0.98;0.83;0.83;0.82;0.82;0.82;0.80;0.80
public_SRR14722022_concoct_bin.14.fa	taxid assigned	based on 16119/32093 ORFs	1;131567;2759;33154;4751;451864;4890;716545;147538;716546;147547;1520881;388435;5197;157822;78060;112415	1.00;1.00;1.00;0.99;0.99;0.99;0.98;0.98;0.98;0.98;0.87;0.87;0.85;0.85;0.85;0.84;0.84
public_SRR14722023_metabat2_bin.5.fa	taxid assigned	based on 17184/34250 ORFs	1;131567;2759;33154;4751;451864;4890;716545;147538;716546;147547;1520881;388435;5197;157822;78060;112415	1.00;1.00;1.00;0.99;0.99;0.99;0.98;0.98;0.98;0.98;0.85;0.85;0.83;0.83;0.83;0.83;0.82
public_SRR14722024_concoct_bin.3.fa	taxid assigned	based on 11246/24861 ORFs	1;131567;2759;33154;4751;451864;4890;716545;147538;716546;147547;1520881	1.00;1.00;0.99;0.96;0.96;0.95;0.94;0.94;0.94;0.93;0.58;0.58
public_SRR14722026_metabat2_bin.4.fa	taxid assigned	based on 17524/35376 ORFs	1;131567;2759;33154;4751;451864;4890;716545;147538;716546;147547;1520881;388435;5197;157822;78060;112415	1.00;1.00;1.00;0.99;0.99;0.99;0.98;0.98;0.98;0.98;0.87;0.87;0.86;0.85;0.85;0.85;0.84
public_SRR14722028_metabat2_bin.1.fa	taxid assigned	based on 16717/31892 ORFs	1;131567;2759;33154;4751;451864;4890;716545;147538;716546;147547;1520881;388435;5197;157822;78060;112415	1.00;1.00;1.00;0.99;0.99;0.99;0.98;0.98;0.98;0.98;0.83;0.83;0.81;0.81;0.81;0.80;0.80
public_SRR14722031_metabat2_bin.3.fa	taxid assigned	based on 10926/24987 ORFs	1;131567;2759;33154;4751;451864;4890;716545;147538;716546;147547;1520881;388435;5197;157822;78060;112415	1.00;1.00;0.99;0.96;0.96;0.95;0.94;0.94;0.94;0.93;0.64;0.64;0.51;0.51;0.51;0.47;0.47
public_SRR14722032_metabat2_bin.2.fa	taxid assigned	based on 14163/30298 ORFs	1;131567;2759;33154;4751;451864;4890;716545;147538;716546;147547;1520881	1.00;1.00;0.99;0.96;0.96;0.95;0.94;0.94;0.93;0.92;0.46;0.46
public_SRR14722033_concoct_bin.2.fa	taxid assigned	based on 16257/32096 ORFs	1;131567;2759;33154;4751;451864;4890;716545;147538;716546;147547;1520881;388435;5197;157822;78060;112415	1.00;1.00;1.00;0.99;0.99;0.99;0.99;0.99;0.99;0.99;0.91;0.91;0.90;0.89;0.89;0.89;0.89
public_SRR14722034_metabat2_bin.1.fa	taxid assigned	based on 16712/33871 ORFs	1;131567;2759;33154;4751;451864;4890;716545;147538;716546;147547;1520881;388435;5197;157822;78060;112415	1.00;1.00;1.00;0.99;0.99;0.99;0.99;0.98;0.98;0.98;0.87;0.87;0.85;0.85;0.85;0.84;0.84
public_SRR14722036_metabat2_bin.1.fa	taxid assigned	based on 14514/33954 ORFs	1;131567;2759;33154;4751;451864;4890;716545;147538;716546;147547;1520881	1.00;1.00;0.99;0.96;0.96;0.95;0.94;0.94;0.94;0.93;0.51;0.51
public_SRR14722037_metabat2_bin.2.fa	taxid assigned	based on 13320/30247 ORFs	1;131567;2759;33154;4751;451864;4890;716545;147538;716546;147547;1520881	1.00;1.00;0.99;0.94;0.94;0.92;0.90;0.90;0.90;0.88;0.30;0.30
public_SRR14722038_metabat2_bin.1.fa	taxid assigned	based on 16935/34185 ORFs	1;131567;2759;33154;4751;451864;4890;716545;147538;716546;147547;1520881;388435;5197;157822;78060;112415	1.00;1.00;1.00;0.99;0.99;0.99;0.99;0.99;0.98;0.98;0.84;0.84;0.83;0.83;0.83;0.82;0.82
public_SRR14722039_metabat2_bin.7.fa	taxid assigned	based on 12058/23675 ORFs	1;131567;2759;33154;4751;451864;4890;716545;147538;716546;147547;1520881	1.00;1.00;0.99;0.96;0.96;0.94;0.93;0.93;0.93;0.91;0.47;0.47
public_SRR14722041_metabat2_bin.10.fa	taxid assigned	based on 13198/27484 ORFs	1;131567;2759;33154;4751;451864;4890;716545;147538;716546;147547;1520881;388435;5197;157822;78060;112415	1.00;1.00;0.99;0.98;0.98;0.98;0.97;0.97;0.97;0.97;0.81;0.81;0.73;0.73;0.73;0.69;0.69
public_SRR14722042_metabat2_bin.4.fa	taxid assigned	based on 14507/41010 ORFs	1;131567;2759;33090;3041;2692248;75966;75981;2511161;41891;248742;574566	1.00;1.00;0.96;0.93;0.88;0.87;0.81;0.72;0.72;0.72;0.70;0.70
public_SRR14722042_metabat2_bin.6.fa	taxid assigned	based on 11594/25193 ORFs	1;131567;2759;33154;4751;451864;4890;716545;147538;716546;147547;1520881	1.00;1.00;0.99;0.96;0.96;0.94;0.93;0.93;0.93;0.92;0.47;0.47
public_SRR14722043_metabat2_bin.3.fa	taxid assigned	based on 11389/25878 ORFs	1;131567;2759;33154;4751;451864;4890;716545;147538;716546;147547;1520881	1.00;1.00;0.99;0.96;0.96;0.94;0.93;0.93;0.93;0.92;0.49;0.49
public_SRR14722046_concoct_bin.7.fa	taxid assigned	based on 12864/27862 ORFs	1;131567;2759;33154;4751;451864;4890;716545;147538;716546;147547;1520881	1.00;1.00;0.99;0.96;0.96;0.95;0.94;0.94;0.94;0.92;0.51;0.51
public_SRR14722047_metabat2_bin.3.fa	taxid assigned	based on 14352/29632 ORFs	1;131567;2759;33154;4751;451864;4890;716545;147538;716546;147547;1520881	1.00;1.00;0.99;0.96;0.96;0.95;0.94;0.94;0.94;0.92;0.51;0.51
public_SRR14722049_concoct_bin.8.fa	taxid assigned	based on 13353/29763 ORFs	1;131567;2759;33154;4751;451864;4890;716545;147538;716546;147547;1520881	1.00;1.00;0.99;0.97;0.97;0.96;0.95;0.95;0.95;0.94;0.60;0.60
public_SRR14722050_metabat2_bin.2.fa	taxid assigned	based on 11523/23122 ORFs	1;131567;2759;33154;4751;451864;4890;716545;147538;716546;147547;1520881	1.00;1.00;0.99;0.97;0.97;0.96;0.95;0.95;0.95;0.94;0.60;0.60
public_SRR14722051_metabat2_bin.4.fa	taxid assigned	based on 13405/26315 ORFs	1;131567;2759;33154;4751;451864;4890;716545;147538;716546;147547;1520881	1.00;1.00;0.99;0.96;0.95;0.94;0.93;0.93;0.93;0.91;0.45;0.45
public_SRR14722054_metabat2_bin.5.fa	taxid assigned	based on 13928/31438 ORFs	1;131567;2759;33154;4751;451864;4890;716545;147538;716546;147547;1520881	1.00;1.00;0.99;0.96;0.96;0.95;0.94;0.94;0.94;0.92;0.53;0.53
public_SRR14722056_metabat2_bin.4.fa	taxid assigned	based on 12357/29802 ORFs	1;131567;2759;33154;4751;451864;4890;716545;147538;716546;147547;1520881	1.00;1.00;0.99;0.95;0.95;0.93;0.91;0.91;0.91;0.89;0.32;0.32
public_SRR14722057_concoct_merged.0.fa	taxid assigned	based on 14939/30051 ORFs	1;131567;2759;33154;4751;451864;4890;716545;147538;716546;147547;1520881;388435;5197;157822;78060;112415	1.00;1.00;0.99;0.98;0.98;0.98;0.97;0.97;0.97;0.96;0.75;0.75;0.68;0.68;0.68;0.59;0.59
public_SRR14722058_metabat2_bin.4.fa	taxid assigned	based on 12054/23113 ORFs	1;131567;2759;33154;4751;451864;4890;716545;147538;716546;147547;1520881;1520791;452227;87265;87266;136370	1.00;1.00;1.00;0.99;0.99;0.99;0.98;0.98;0.98;0.98;0.89;0.89;0.87;0.87;0.87;0.87;0.87
public_SRR14722061_metabat2_bin.1.fa	taxid assigned	based on 12865/28178 ORFs	1;131567;2759;33154;4751;451864;4890;716545;147538;716546;147545	1.00;1.00;0.98;0.95;0.95;0.93;0.92;0.92;0.91;0.90;0.46
public_SRR14722062_metabat2_bin.2.fa	taxid assigned	based on 12668/25891 ORFs	1;131567;2759;33154;4751;451864;4890;716545;147538;716546;147547;1520881	1.00;1.00;0.99;0.97;0.97;0.95;0.95;0.95;0.95;0.93;0.58;0.58
public_SRR14722063_concoct_bin.10.fa	taxid assigned	based on 16922/33509 ORFs	1;131567;2759;33154;4751;451864;4890;716545;147538;716546;147547;1520881;388435;5197;157822;78060;112415	1.00;1.00;1.00;0.99;0.99;0.99;0.98;0.98;0.98;0.97;0.83;0.83;0.82;0.82;0.82;0.81;0.80
public_SRR14722064_metabat2_bin.6.fa	taxid assigned	based on 13232/28692 ORFs	1;131567;2759;33154;4751;451864;4890;716545;147538;716546;147547;1520881	1.00;1.00;0.99;0.97;0.97;0.96;0.96;0.95;0.95;0.94;0.59;0.59
public_SRR14722065_metabat2_bin.6.fa	taxid assigned	based on 11931/24993 ORFs	1;131567;2759;33154;4751;451864;4890;716545;147538;716546;147547;1520881	1.00;1.00;0.99;0.97;0.97;0.96;0.96;0.96;0.95;0.94;0.64;0.64
public_SRR14722066_metabat2_bin.7.fa	taxid assigned	based on 12050/23702 ORFs	1;131567;2759;33154;4751;451864;4890;716545;147538;716546;147547;1520881;388435;5197;157822;78060;112415	1.00;1.00;0.99;0.98;0.98;0.98;0.97;0.97;0.97;0.96;0.77;0.77;0.70;0.70;0.70;0.64;0.64
public_SRR14722067_metabat2_bin.1.fa	taxid assigned	based on 18248/51641 ORFs	1;131567;2759;33090;3041;2692248;75966;75981;2511161;41891;248742;574566	1.00;1.00;0.96;0.93;0.88;0.87;0.81;0.71;0.71;0.71;0.69;0.69
public_SRR14722067_metabat2_bin.8.fa	taxid assigned	based on 14040/32494 ORFs	1;131567;2759;33154;4751;451864;4890;716545;147538;716546	1.00;1.00;0.99;0.94;0.94;0.92;0.91;0.91;0.91;0.89
public_SRR14722068_metabat2_bin.3.fa	taxid assigned	based on 16227/32462 ORFs	1;131567;2759;33154;4751;451864;4890;716545;147538;716546;147547;1520881;388435;5197;157822;78060;112415	1.00;1.00;1.00;0.99;0.99;0.98;0.98;0.98;0.98;0.98;0.84;0.84;0.83;0.83;0.83;0.82;0.81
public_SRR14722072_concoct_merged.0.fa	taxid assigned	based on 12749/24530 ORFs	1;131567;2759;33154;4751;451864;4890;716545;147538;716546;147547;1520881	1.00;1.00;0.99;0.96;0.96;0.94;0.94;0.94;0.94;0.92;0.51;0.51
public_SRR14722077_concoct_merged.0.fa	taxid assigned	based on 16938/32648 ORFs	1;131567;2759;33154;4751;451864;4890;716545;147538;716546;147547;1520881;388435;5197;157822;78060;112415	1.00;1.00;1.00;0.99;0.99;0.98;0.98;0.98;0.98;0.98;0.83;0.83;0.81;0.81;0.81;0.80;0.80
public_SRR14722078_concoct_bin.17.fa	taxid assigned	based on 14246/28811 ORFs	1;131567;2759;33154;4751;451864;4890;716545;147538;716546;147547;1520881;388435;5197;157822;78060;112415	1.00;1.00;0.99;0.98;0.98;0.97;0.97;0.97;0.97;0.96;0.77;0.77;0.70;0.70;0.70;0.67;0.67
public_SRR14722080_concoct_merged.0.fa	taxid assigned	based on 10282/19864 ORFs	1;131567;2759;33154;4751;451864;4890;716545;147538;716546	1.00;1.00;0.97;0.89;0.89;0.85;0.83;0.83;0.83;0.81
public_SRR14722080_metabat2_bin.1.fa	taxid assigned	based on 12642/24786 ORFs	1;131567;2759;33154;4751;451864;4890;716545;147538;716546;147547;1520881;388435;5197;157822;78060;112415	1.00;1.00;1.00;0.98;0.98;0.98;0.97;0.97;0.97;0.96;0.79;0.79;0.72;0.72;0.72;0.63;0.63
public_SRR14722081_metabat2_bin.3.fa	taxid assigned	based on 13996/30017 ORFs	1;131567;2759;33154;4751;451864;4890;716545;147538;716546;147547;1520881	1.00;1.00;0.99;0.96;0.96;0.95;0.94;0.94;0.94;0.92;0.53;0.53
public_SRR14722082_metabat2_bin.6.fa	taxid assigned	based on 13994/28267 ORFs	1;131567;2759;33154;4751;451864;4890;716545;147538;716546;147547;1520881;388435;5197;157822;78060;112415	1.00;1.00;0.99;0.98;0.98;0.98;0.97;0.97;0.97;0.96;0.77;0.77;0.70;0.70;0.70;0.62;0.62
public_SRR14722083_concoct_bin.1.fa	taxid assigned	based on 13545/24875 ORFs	1;131567;2759;33154;4751;451864;4890;716545;147538;716546;147545;451870;34395;43219	1.00;1.00;0.99;0.98;0.98;0.98;0.98;0.98;0.98;0.98;0.93;0.92;0.91;0.90
public_SRR14722083_concoct_bin.22.fa	taxid assigned	based on 11959/24722 ORFs	1;131567;2759;33154;4751;451864;4890;716545;147538;716546;147547;1520881	1.00;1.00;0.99;0.96;0.96;0.95;0.94;0.94;0.94;0.93;0.56;0.56
public_SRR14722084_metabat2_bin.3.fa	taxid assigned	based on 14934/30421 ORFs	1;131567;2759;33154;4751;451864;4890;716545;147538;716546;147547;1520881;388435;5197;157822;78060;112415	1.00;1.00;0.99;0.98;0.98;0.98;0.97;0.97;0.97;0.96;0.76;0.76;0.69;0.69;0.69;0.61;0.61
public_SRR14722085_metabat2_bin.6.fa	taxid assigned	based on 13137/27467 ORFs	1;131567;2759;33154;4751;451864;4890;716545;147538;716546;147547;1520881	1.00;1.00;0.99;0.97;0.96;0.95;0.94;0.94;0.94;0.93;0.54;0.54
public_SRR14722086_metabat2_bin.14.fa	taxid assigned	based on 11018/21074 ORFs	1;131567;2759;33154;4751;451864;4890;716545;147538;716546	1.00;1.00;0.98;0.92;0.92;0.88;0.87;0.87;0.87;0.82
public_SRR14722087_metabat2_bin.6.fa	taxid assigned	based on 13987/27800 ORFs	1;131567;2759;33154;4751;451864;4890;716545;147538;716546;147547;1520881;388435;5197;157822;78060;112415	1.00;1.00;0.99;0.97;0.97;0.97;0.96;0.96;0.96;0.95;0.75;0.75;0.68;0.68;0.68;0.61;0.60
public_SRR14722088_concoct_bin.14.fa	taxid assigned	based on 14710/29770 ORFs	1;131567;2759;33154;4751;451864;4890;716545;147538;716546;147547;1520881;388435;5197;157822;78060;112415	1.00;1.00;0.99;0.98;0.98;0.98;0.97;0.97;0.97;0.96;0.79;0.79;0.73;0.73;0.73;0.60;0.60
public_SRR14722090_metabat2_bin.14.fa	taxid assigned	based on 10893/21330 ORFs	1;131567;2759;33154;4751;451864;4890;716545;147538;716546;147547;1520881	1.00;1.00;0.99;0.96;0.96;0.95;0.94;0.94;0.94;0.92;0.34;0.34
public_SRR14722092_concoct_merged.0.fa	taxid assigned	based on 12327/23683 ORFs	1;131567;2759;33154;4751;451864;4890;716545;147538;716546;147547;1520881	1.00;1.00;0.98;0.95;0.95;0.93;0.93;0.93;0.92;0.91;0.46;0.46
public_SRR14722094_metabat2_bin.10.fa	taxid assigned	based on 15755/31299 ORFs	1;131567;2759;33154;4751;451864;4890;716545;147538;716546;147547;1520881;388435;5197;157822;78060;112415	1.00;1.00;1.00;0.99;0.99;0.99;0.99;0.99;0.98;0.98;0.87;0.87;0.85;0.85;0.85;0.84;0.84
public_SRR14722095_metabat2_bin.7.fa	taxid assigned	based on 11941/22079 ORFs	1;131567;2759;33154;4751;451864;4890;716545;147538;716546;147547;1520881;1520791;452227;87265;87266;136370	1.00;1.00;1.00;0.99;0.99;0.99;0.99;0.99;0.99;0.99;0.95;0.95;0.93;0.93;0.93;0.93;0.93
public_SRR14722098_metabat2_bin.9.fa	taxid assigned	based on 10102/20184 ORFs	1;131567;2759;33154;4751;451864;4890;716545;147538;716546;147547;1520881	1.00;1.00;0.99;0.95;0.95;0.94;0.93;0.93;0.93;0.92;0.47;0.47
public_SRR14722099_metabat2_bin.1.fa	taxid assigned	based on 14238/27950 ORFs	1;131567;2759;33154;4751;451864;4890;716545;147538;716546;147547;1520881;388435;5197;157822;78060;112415	1.00;1.00;0.99;0.98;0.98;0.97;0.97;0.97;0.97;0.96;0.75;0.75;0.68;0.68;0.68;0.60;0.60
public_SRR14722101_metabat2_bin.2.fa	taxid assigned	based on 13551/26606 ORFs	1;131567;2759;33154;4751;451864;4890;716545;147538;716546;147547;1520881;388435;5197;157822;78060;112415	1.00;1.00;1.00;0.98;0.98;0.98;0.97;0.97;0.97;0.96;0.78;0.78;0.71;0.71;0.71;0.62;0.62
public_SRR14722103_metabat2_bin.2.fa	taxid assigned	based on 15109/30426 ORFs	1;131567;2759;33154;4751;451864;4890;716545;147538;716546;147547;1520881;388435;5197;157822;78060;112415	1.00;1.00;0.99;0.98;0.98;0.98;0.97;0.97;0.97;0.96;0.75;0.75;0.68;0.68;0.68;0.59;0.59
public_SRR14722105_concoct_merged.0.fa	taxid assigned	based on 12219/24180 ORFs	1;131567;2759;33154;4751;451864;4890;716545;147538;716546;147547;1520881	1.00;1.00;0.99;0.96;0.96;0.95;0.94;0.94;0.94;0.93;0.57;0.57
public_SRR14722106_metabat2_bin.2.fa	taxid assigned	based on 17480/34712 ORFs	1;131567;2759;33154;4751;451864;4890;716545;147538;716546;147547;1520881;388435;5197;157822;78060;112415	1.00;1.00;1.00;0.99;0.99;0.98;0.98;0.98;0.98;0.97;0.81;0.81;0.80;0.80;0.80;0.79;0.78
public_SRR14722108_metabat2_bin.1.fa	taxid assigned	based on 16232/32108 ORFs	1;131567;2759;33154;4751;451864;4890;716545;147538;716546;147547;1520881;388435;5197;157822;78060;112415	1.00;1.00;1.00;0.99;0.99;0.99;0.98;0.98;0.98;0.98;0.84;0.84;0.82;0.82;0.82;0.81;0.81
public_SRR14722109_metabat2_bin.1.fa	taxid assigned	based on 14478/30269 ORFs	1;131567;2759;33154;4751;451864;4890;716545;147538;716546;147547;1520881	1.00;1.00;0.99;0.96;0.96;0.95;0.94;0.94;0.93;0.92;0.45;0.45
public_SRR14722112_metabat2_bin.8.fa	taxid assigned	based on 12177/30217 ORFs	1;131567;2759;33154;4751;451864;4890;716545;147538;716546;147547;1520881	1.00;1.00;0.99;0.97;0.96;0.95;0.95;0.95;0.94;0.93;0.59;0.59
public_SRR14722113_metabat2_bin.5.fa	taxid assigned	based on 12945/29601 ORFs	1;131567;2759;33154;4751;451864;4890;716545;147538;716546;147547;1520881	1.00;1.00;0.99;0.97;0.97;0.96;0.95;0.95;0.95;0.93;0.57;0.57
public_SRR14722115_concoct_bin.3.fa	taxid assigned	based on 16400/33002 ORFs	1;131567;2759;33154;4751;451864;4890;716545;147538;716546;147547;1520881;388435;5197;157822;78060;112415	1.00;1.00;1.00;0.99;0.99;0.99;0.99;0.99;0.98;0.98;0.86;0.86;0.85;0.85;0.85;0.84;0.84
public_SRR14722116_metabat2_bin.14.fa	taxid assigned	based on 16974/34138 ORFs	1;131567;2759;33154;4751;451864;4890;716545;147538;716546;147547;1520881;388435;5197;157822;78060;112415	1.00;1.00;1.00;0.99;0.99;0.99;0.98;0.98;0.98;0.98;0.85;0.85;0.84;0.84;0.84;0.83;0.83
public_SRR14722116_metabat2_bin.5.fa	taxid assigned	based on 24077/64552 ORFs	1;131567;2759;33090;3041;2692248;75966;2507901;2507902;13786;285719;2608996	1.00;1.00;0.98;0.96;0.94;0.93;0.91;0.87;0.87;0.87;0.87;0.86
public_SRR14722117_metabat2_bin.4.fa	taxid assigned	based on 14012/28357 ORFs	1;131567;2759;33154;4751;451864;4890;716545;147538;716546;147547;1520881;388435;5197;157822;78060;112415	1.00;1.00;0.99;0.98;0.98;0.98;0.97;0.97;0.97;0.96;0.77;0.77;0.70;0.70;0.70;0.62;0.62
public_SRR14722118_metabat2_bin.5.fa	taxid assigned	based on 16208/31924 ORFs	1;131567;2759;33154;4751;451864;4890;716545;147538;716546;147547;1520881;388435;5197;157822;78060;112415	1.00;1.00;1.00;0.99;0.99;0.99;0.99;0.99;0.99;0.98;0.88;0.88;0.86;0.86;0.86;0.86;0.85
public_SRR14722119_metabat2_bin.2.fa	taxid assigned	based on 13525/26418 ORFs	1;131567;2759;33154;4751;451864;4890;716545;147538;716546;147547;1520881;388435;5197;157822;78060;112415	1.00;1.00;1.00;0.98;0.98;0.98;0.97;0.97;0.97;0.96;0.78;0.78;0.71;0.71;0.71;0.63;0.63
public_SRR14722120_metabat2_bin.1.fa	taxid assigned	based on 16950/33756 ORFs	1;131567;2759;33154;4751;451864;4890;716545;147538;716546;147547;1520881;388435;5197;157822;78060;112415	1.00;1.00;1.00;0.99;0.99;0.99;0.98;0.98;0.98;0.98;0.85;0.85;0.83;0.83;0.83;0.83;0.82
public_SRR14722120_metabat2_bin.4.fa	taxid assigned	based on 19627/54714 ORFs	1;131567;2759;33090;3041;2692248;75966;2507901;2507902;13786;285719;2608996	1.00;1.00;0.98;0.96;0.94;0.93;0.90;0.87;0.87;0.87;0.87;0.86
public_SRR14722121_metabat2_bin.4.fa	taxid assigned	based on 12609/24911 ORFs	1;131567;2759;33154;4751;451864;4890;716545;147538;716546;147547;1520881;388435;5197;157822;78060;112415	1.00;1.00;0.99;0.98;0.98;0.98;0.97;0.97;0.97;0.96;0.78;0.78;0.70;0.70;0.70;0.61;0.61
public_SRR14722123_concoct_merged.0.fa	taxid assigned	based on 10553/20956 ORFs	1;131567;2759;33154;4751;451864;4890;716545;147538;716546;147547;1520881;388435;5197;157822;78060;112415	1.00;1.00;0.99;0.97;0.97;0.96;0.96;0.96;0.96;0.95;0.72;0.72;0.59;0.59;0.59;0.57;0.57
public_SRR14722124_metabat2_bin.8.fa	taxid assigned	based on 16366/33946 ORFs	1;131567;2759;33154;4751;451864;4890;716545;147538;716546;147547;1520881;388435;5197;157822;78060;112415	1.00;1.00;1.00;0.99;0.99;0.99;0.99;0.99;0.99;0.98;0.89;0.89;0.88;0.88;0.88;0.87;0.87
public_SRR14722125_metabat2_bin.9.fa	taxid assigned	based on 10130/19660 ORFs	1;131567;2759;33154;4751;451864;4890;716545;147538;716546;147547;1520881	1.00;1.00;0.99;0.96;0.96;0.94;0.94;0.93;0.93;0.92;0.51;0.51
public_SRR14722127_concoct_bin.0.fa	taxid assigned	based on 14259/28824 ORFs	1;131567;2759;33154;4751;451864;4890;716545;147538;716546;147547;1520881;388435;5197;157822;78060;112415	1.00;1.00;1.00;0.99;0.99;0.99;0.98;0.98;0.98;0.98;0.89;0.89;0.87;0.87;0.87;0.86;0.86
public_SRR14722128_metabat2_bin.9.fa	taxid assigned	based on 13646/31321 ORFs	1;131567;2759;33154;4751;451864;4890;716545;147538;716546;147547;1520881;388435;5197;157822;78060;112415	1.00;1.00;0.99;0.98;0.98;0.97;0.97;0.97;0.97;0.96;0.75;0.75;0.67;0.67;0.67;0.64;0.64
public_SRR14722129_metabat2_bin.3.fa	taxid assigned	based on 16410/32271 ORFs	1;131567;2759;33154;4751;451864;4890;716545;147538;716546;147547;1520881;388435;5197;157822;78060;112415	1.00;1.00;1.00;0.99;0.99;0.99;0.99;0.99;0.99;0.99;0.90;0.90;0.89;0.89;0.89;0.88;0.88
public_SRR14722130_metabat2_bin.11.fa	taxid assigned	based on 10103/20072 ORFs	1;131567;2759;33154;4751;451864;4890;716545;147538;716546;147547;1520881;388435;5197;157822;78060;112415	1.00;1.00;0.99;0.96;0.96;0.95;0.95;0.95;0.94;0.94;0.69;0.69;0.55;0.55;0.55;0.53;0.53
public_SRR14722130_metabat2_bin.9.fa	taxid assigned	based on 15747/32707 ORFs	1;131567;2759;33154;4751;451864;4890;716545;147538;716546;147547;1520881;388435;5197;157822;78060;112415	1.00;1.00;1.00;0.99;0.99;0.99;0.98;0.98;0.98;0.98;0.85;0.85;0.83;0.83;0.83;0.82;0.82
public_SRR14722131_metabat2_bin.1.fa	taxid assigned	based on 12843/28090 ORFs	1;131567;2759;33154;4751;451864;4890;716545;147538;716546	1.00;1.00;0.98;0.92;0.92;0.88;0.87;0.87;0.87;0.84
public_SRR14722132_metabat2_bin.8.fa	taxid assigned	based on 15500/31511 ORFs	1;131567;2759;33154;4751;451864;4890;716545;147538;716546;147547;1520881;388435;5197;157822;78060;112415	1.00;1.00;1.00;0.99;0.99;0.99;0.99;0.98;0.98;0.98;0.89;0.89;0.87;0.87;0.87;0.87;0.86
public_SRR14722133_metabat2_bin.2.fa	taxid assigned	based on 13966/30197 ORFs	1;131567;2759;33154;4751;451864;4890;716545;147538;716546;147547;1520881	1.00;1.00;0.99;0.96;0.96;0.95;0.94;0.94;0.94;0.92;0.54;0.54
public_SRR14722135_concoct_merged.1.fa	taxid assigned	based on 11722/24533 ORFs	1;131567;2759;33154;4751;451864;4890;716545;147538;716546	1.00;1.00;0.99;0.93;0.93;0.90;0.89;0.89;0.89;0.87
public_SRR14722135_metabat2_bin.5.fa	taxid assigned	based on 25385/70124 ORFs	1;131567;2759;33090;3041;2692248;75966;75981;2511161;41891;248742;574566	1.00;1.00;0.96;0.93;0.88;0.87;0.81;0.71;0.71;0.71;0.70;0.70
public_SRR14722135_metabat2_bin.8.fa	taxid assigned	based on 11199/22316 ORFs	1;131567;2759;33154;4751;451864;4890;716545;147538;716546;147545;451870;1618100;2231493;158045;158046	1.00;1.00;0.99;0.97;0.97;0.97;0.96;0.96;0.96;0.95;0.72;0.64;0.52;0.52;0.52;0.52
public_SRR14722136_concoct_merged.0.fa	taxid assigned	based on 14648/33986 ORFs	1;131567;2759;33154;4751;451864;4890;716545;147538;716546	1.00;1.00;0.98;0.94;0.94;0.92;0.90;0.90;0.90;0.88
public_SRR14722138_metabat2_bin.7.fa	taxid assigned	based on 14496/31861 ORFs	1;131567;2759;33154;4751;451864;4890;716545;147538;716546;147547;1520881	1.00;1.00;0.99;0.96;0.96;0.95;0.94;0.94;0.94;0.92;0.52;0.52
public_SRR14722139_metabat2_bin.5.fa	taxid assigned	based on 16606/33238 ORFs	1;131567;2759;33154;4751;451864;4890;716545;147538;716546;147547;1520881;388435;5197;157822;78060;112415	1.00;1.00;1.00;0.99;0.99;0.99;0.98;0.98;0.98;0.98;0.84;0.84;0.82;0.82;0.82;0.81;0.81
public_SRR14722140_metabat2_bin.5.fa	taxid assigned	based on 14731/29862 ORFs	1;131567;2759;33154;4751;451864;4890;716545;147538;716546;147547;1520881;388435;5197;157822;78060;112415	1.00;1.00;1.00;0.99;0.99;0.99;0.99;0.99;0.99;0.98;0.90;0.90;0.89;0.89;0.89;0.88;0.88
public_SRR14722141_concoct_bin.2.fa	taxid assigned	based on 14344/32735 ORFs	1;131567;2759;33154;4751;451864;4890;716545;147538;716546;147547;1520881	1.00;1.00;0.99;0.96;0.96;0.95;0.94;0.94;0.94;0.93;0.53;0.53
public_SRR14722143_metabat2_bin.4.fa	taxid assigned	based on 9418/21090 ORFs	1;131567;2759;33154;4751;451864;4890;716545;147538;716546	1.00;1.00;0.98;0.56;0.56;0.53;0.52;0.52;0.51;0.50
public_SRR14722144_metabat2_bin.3.fa	taxid assigned	based on 14198/30940 ORFs	1;131567;2759;33154;4751;451864;4890;716545;147538;716546;147547;1520881	1.00;1.00;0.99;0.96;0.96;0.95;0.94;0.94;0.94;0.92;0.53;0.53
public_SRR14722145_metabat2_bin.10.fa	taxid assigned	based on 10518/22176 ORFs	1;131567;2759;33154;4751;451864;4890;716545;147538;716546;147547;1520881	1.00;1.00;0.99;0.96;0.96;0.95;0.94;0.94;0.94;0.93;0.54;0.54
public_SRR14722147_concoct_bin.2.fa	taxid assigned	based on 12252/26400 ORFs	1;131567;2759;33154;4751;451864;4890;716545;147538;716546;147547;1520881;388435;5197;157822;78060;112415	1.00;1.00;0.99;0.96;0.96;0.95;0.94;0.94;0.94;0.93;0.60;0.60;0.48;0.48;0.48;0.45;0.45
public_SRR14722147_metabat2_bin.1.fa	taxid assigned	based on 7680/17270 ORFs	1;131567;2759;33154;4751;451864;4890;716545;147538;716546;147547;1520881;388435;5197;157822;78060;112415	1.00;1.00;0.99;0.94;0.94;0.92;0.92;0.92;0.91;0.90;0.54;0.54;0.41;0.41;0.41;0.39;0.39
public_SRR14722150_concoct_bin.35.fa	taxid assigned	based on 14488/29438 ORFs	1;131567;2759;33154;4751;451864;4890;716545;147538;716546;147547;1520881;388435;5197;157822;78060;112415	1.00;1.00;0.99;0.98;0.98;0.98;0.97;0.97;0.97;0.96;0.78;0.78;0.71;0.71;0.71;0.61;0.61
public_SRR14722151_metabat2_bin.3.fa	taxid assigned	based on 16186/31550 ORFs	1;131567;2759;33154;4751;451864;4890;716545;147538;716546;147547;1520881;388435;5197;157822;78060;112415	1.00;1.00;1.00;0.99;0.99;0.99;0.98;0.98;0.98;0.98;0.83;0.83;0.81;0.81;0.81;0.80;0.80
public_SRR14722152_metabat2_bin.2.fa	taxid assigned	based on 17559/50119 ORFs	1;131567;2759;33090;3041;2692248;75966;75981;2511161;41891;248742;574566	1.00;1.00;0.96;0.93;0.88;0.87;0.80;0.70;0.70;0.70;0.69;0.69
public_SRR14722154_concoct_bin.10.fa	taxid assigned	based on 9605/17620 ORFs	1;131567;2759;33154;4751;451864;4890;716545;147538;716546;147545	1.00;1.00;0.98;0.95;0.95;0.94;0.92;0.92;0.92;0.91;0.42
public_SRR14722154_metabat2_bin.3.fa	taxid assigned	based on 13394/27585 ORFs	1;131567;2759;33154;4751;451864;4890;716545;147538;716546;147547;1520881;388435;5197;157822;78060;112415	1.00;1.00;0.99;0.98;0.98;0.97;0.97;0.97;0.97;0.96;0.77;0.77;0.69;0.69;0.69;0.66;0.66
public_SRR14722156_concoct_bin.48.fa	taxid assigned	based on 10698/20195 ORFs	1;131567;2759;33154;4751;451864;4890;716545;147538;716546;147547;1520881;388435;5197;157822;78060;112415	1.00;1.00;0.99;0.97;0.97;0.97;0.96;0.96;0.96;0.95;0.73;0.73;0.65;0.65;0.65;0.56;0.56
public_SRR14722157_metabat2_bin.4.fa	taxid assigned	based on 13118/28359 ORFs	1;131567;2759;33154;4751;451864;4890;716545;147538;716546;147547;1520881	1.00;1.00;0.99;0.97;0.97;0.96;0.96;0.95;0.95;0.94;0.60;0.60
public_SRR14722158_metabat2_bin.9.fa	taxid assigned	based on 13409/27933 ORFs	1;131567;2759;33154;4751;451864;4890;716545;147538;716546;147547;1520881;388435;5197;157822;78060;112415	1.00;1.00;0.99;0.98;0.98;0.98;0.97;0.97;0.97;0.96;0.78;0.78;0.71;0.71;0.71;0.68;0.68
public_SRR14722159_metabat2_bin.7.fa	taxid assigned	based on 11045/21268 ORFs	1;131567;2759;33154;4751;451864;4890;716545;147538;716546;147547;1520881	1.00;1.00;0.99;0.96;0.96;0.94;0.94;0.94;0.94;0.92;0.53;0.53
public_SRR14722159_metabat2_bin.8.fa	taxid assigned	based on 13606/27625 ORFs	1;131567;2759;33154;4751;451864;4890;716545;147538;716546;147547;1520881;388435;5197;157822;78060;112415	1.00;1.00;0.99;0.98;0.98;0.98;0.97;0.97;0.97;0.96;0.79;0.79;0.72;0.72;0.72;0.67;0.67
public_SRR14722160_concoct_bin.3.fa	taxid assigned	based on 13871/28817 ORFs	1;131567;2759;33154;4751;451864;4890;716545;147538;716546;147547;1520881;388435;5197;157822;78060;112415	1.00;1.00;0.99;0.98;0.98;0.98;0.97;0.97;0.97;0.97;0.81;0.81;0.74;0.74;0.74;0.69;0.69
public_SRR14722161_metabat2_bin.6.fa	taxid assigned	based on 12148/27050 ORFs	1;131567;2759;33154;4751;451864;4890;716545;147538;716546;147547;1520881	1.00;1.00;0.99;0.97;0.97;0.95;0.94;0.94;0.94;0.93;0.49;0.49
public_SRR14722163_concoct_bin.11.fa	taxid assigned	based on 13024/26826 ORFs	1;131567;2759;33154;4751;451864;4890;716545;147538;716546;147547;1520881;388435;5197;157822;78060;112415	1.00;1.00;0.99;0.98;0.98;0.97;0.97;0.97;0.96;0.96;0.77;0.77;0.69;0.69;0.69;0.66;0.65
public_SRR14722164_metabat2_bin.2.fa	taxid assigned	based on 12166/24795 ORFs	1;131567;2759;33154;4751;451864;4890;716545;147538;716546;147547;1520881	1.00;1.00;0.99;0.97;0.97;0.96;0.96;0.95;0.95;0.94;0.62;0.62
public_SRR14722165_concoct_bin.24.fa	taxid assigned	based on 10498/22156 ORFs	1;131567;2759;33154;4751;451864;4890;716545;147538;716546;147545;451870	1.00;1.00;0.98;0.96;0.96;0.95;0.95;0.94;0.94;0.94;0.72;0.62
public_SRR14722165_concoct_bin.25.fa	taxid assigned	based on 13043/29043 ORFs	1;131567;2759;33154;4751;451864;4890;716545;147538;716546;147547;1520881	1.00;1.00;0.99;0.96;0.96;0.95;0.94;0.94;0.94;0.92;0.52;0.52
public_SRR14722165_metabat2_bin.16.fa	taxid assigned	based on 8234/16850 ORFs	1;131567;2759;33154;4751;451864;4890;716545;147538;716546;147547;1520881	1.00;1.00;0.99;0.94;0.94;0.92;0.91;0.91;0.91;0.89;0.43;0.43
public_SRR14722166_concoct_bin.2.fa	taxid assigned	based on 16642/32928 ORFs	1;131567;2759;33154;4751;451864;4890;716545;147538;716546;147547;1520881;388435;5197;157822;78060;112415	1.00;1.00;1.00;0.99;0.99;0.98;0.98;0.98;0.98;0.98;0.83;0.83;0.81;0.81;0.81;0.80;0.80
public_SRR14722167_metabat2_bin.4.fa	taxid assigned	based on 12880/29185 ORFs	1;131567;2759;33154;4751;451864;4890;716545;147538;716546;147547;1520881	1.00;1.00;0.99;0.97;0.97;0.96;0.95;0.95;0.95;0.94;0.60;0.60
public_SRR14722168_metabat2_bin.6.fa	taxid assigned	based on 16681/33237 ORFs	1;131567;2759;33154;4751;451864;4890;716545;147538;716546;147547;1520881;388435;5197;157822;78060;112415	1.00;1.00;1.00;0.99;0.99;0.99;0.98;0.98;0.98;0.98;0.83;0.83;0.82;0.82;0.82;0.80;0.80
public_SRR14722169_metabat2_bin.6.fa	taxid assigned	based on 15562/31204 ORFs	1;131567;2759;33154;4751;451864;4890;716545;147538;716546;147547;1520881;388435;5197;157822;78060;112415	1.00;1.00;1.00;0.99;0.99;0.99;0.99;0.98;0.98;0.98;0.85;0.85;0.84;0.84;0.84;0.83;0.83
public_SRR14722170_metabat2_bin.4.fa	taxid assigned	based on 14600/29624 ORFs	1;131567;2759;33154;4751;451864;4890;716545;147538;716546;147547;1520881;388435;5197;157822;78060;112415	1.00;1.00;0.99;0.98;0.98;0.97;0.97;0.97;0.97;0.96;0.78;0.78;0.71;0.71;0.71;0.62;0.62
public_SRR14722171_concoct_bin.7.fa	taxid assigned	based on 14455/29513 ORFs	1;131567;2759;33154;4751;451864;4890;716545;147538;716546;147547;1520881;388435;5197;157822;78060;112415	1.00;1.00;0.99;0.98;0.98;0.98;0.97;0.97;0.97;0.96;0.79;0.79;0.73;0.73;0.73;0.60;0.60
public_SRR14722173_concoct_merged.0.fa	taxid assigned	based on 16465/35144 ORFs	1;131567;2759;33154;4751;451864;4890;716545;147538;716546;147547;1520881;388435;5197;157822;78060;112415	1.00;1.00;1.00;0.99;0.99;0.98;0.98;0.98;0.98;0.97;0.85;0.85;0.84;0.84;0.84;0.83;0.83
public_SRR14722174_metabat2_bin.2.fa	taxid assigned	based on 16762/32989 ORFs	1;131567;2759;33154;4751;451864;4890;716545;147538;716546;147547;1520881;388435;5197;157822;78060;112415	1.00;1.00;1.00;0.99;0.99;0.99;0.98;0.98;0.98;0.98;0.83;0.83;0.81;0.81;0.81;0.80;0.80
public_SRR14722175_metabat2_bin.4.fa	taxid assigned	based on 11876/25226 ORFs	1;131567;2759;33154;4751;451864;4890;716545;147538;716546;147547;1520881	1.00;1.00;0.99;0.97;0.97;0.96;0.95;0.95;0.95;0.93;0.57;0.57
public_SRR14722176_concoct_bin.30.fa	taxid assigned	based on 10165/19851 ORFs	1;131567;2759;33154;4751;451864;4890;716545;147538;716546;147545;451870;146291;146292;364710;364733	1.00;1.00;0.99;0.98;0.98;0.98;0.98;0.98;0.98;0.97;0.88;0.86;0.82;0.82;0.82;0.82
public_SRR14722176_metabat2_bin.14.fa	taxid assigned	based on 11522/23772 ORFs	1;131567;2759;33154;4751;451864;4890;716545;147538;716546;147547;1520881	1.00;1.00;0.99;0.96;0.96;0.95;0.94;0.94;0.94;0.93;0.55;0.55
public_SRR14722177_concoct_bin.11.fa	taxid assigned	based on 11811/24247 ORFs	1;131567;2759;33154;4751;451864;4890;716545;147538;716546;147547;1520881;388435;5197;157822;78060;112415	1.00;1.00;0.99;0.97;0.97;0.96;0.96;0.95;0.95;0.94;0.69;0.69;0.56;0.56;0.56;0.53;0.53
public_SRR14722177_concoct_merged.0.fa	taxid assigned	based on 16105/29164 ORFs	1;131567;2759;33154;4751;451864;4890;716545;147538;716546;715962;147541;451867;2726947	1.00;1.00;0.99;0.78;0.78;0.78;0.77;0.77;0.77;0.77;0.63;0.63;0.57;0.49
public_SRR14722177_metabat2_bin.9.fa	taxid assigned	based on 11725/51907 ORFs	1;131567;2759;33090;3041;2692248;75966	1.00;0.99;0.90;0.81;0.68;0.65;0.47
public_SRR14722181_concoct_bin.15.fa	taxid assigned	based on 11461/23212 ORFs	1;131567;2759;33154;4751;451864;4890;716545;147538;716546	1.00;1.00;0.98;0.89;0.89;0.85;0.84;0.84;0.83;0.80
public_SRR14722181_concoct_bin.9.fa	taxid assigned	based on 11694/23583 ORFs	1;131567;2759;33154;4751;451864;4890;716545;147538;716546;147547;1520881	1.00;1.00;0.99;0.96;0.96;0.94;0.94;0.94;0.93;0.92;0.48;0.48
public_SRR14722184_concoct_bin.5.fa	taxid assigned	based on 14663/31649 ORFs	1;131567;2759;33154;4751;451864;4890;716545;147538;716546;147547;1520881;388435;5197;157822;78060;112415	1.00;1.00;1.00;0.98;0.98;0.97;0.97;0.97;0.97;0.96;0.75;0.75;0.68;0.68;0.68;0.65;0.65
public_SRR14722185_metabat2_bin.2.fa	taxid assigned	based on 12121/26780 ORFs	1;131567;2759;33154;4751;451864;4890;716545;147538;716546;147547;1520881;388435;5197;157822;78060;112415	1.00;1.00;0.99;0.96;0.96;0.95;0.95;0.95;0.94;0.93;0.61;0.61;0.49;0.49;0.49;0.47;0.47
public_SRR14722186_metabat2_bin.3.fa	taxid assigned	based on 14496/30100 ORFs	1;131567;2759;33154;4751;451864;4890;716545;147538;716546;147547;1520881	1.00;1.00;0.99;0.96;0.96;0.94;0.93;0.93;0.93;0.92;0.45;0.45
public_SRR14722188_concoct_bin.0.fa	taxid assigned	based on 11513/23708 ORFs	1;131567;2759;33154;4751;451864;4890;716545;147538;716546;147547;1520881	1.00;1.00;0.99;0.96;0.96;0.95;0.94;0.94;0.94;0.93;0.55;0.55
public_SRR14722188_concoct_bin.30.fa	taxid assigned	based on 29137/81352 ORFs	1;131567;2759;33090;3041;2692248;75966;75981;2511161;41891;248742;574566	1.00;1.00;0.96;0.93;0.88;0.87;0.81;0.71;0.71;0.71;0.70;0.70
public_SRR14722188_metabat2_bin.25.fa	taxid assigned	based on 12786/26508 ORFs	1;131567;2759;33154;4751;451864;4890;716545;147538;716546;147547;1520881	1.00;1.00;0.99;0.96;0.96;0.94;0.93;0.93;0.93;0.92;0.47;0.47
public_SRR14722188_metabat2_bin.28.fa	taxid assigned	based on 6584/12264 ORFs	1;131567;2759;33154;4751;451864;4890;716545;147538;716546	1.00;1.00;0.98;0.91;0.91;0.87;0.86;0.86;0.86;0.82
public_SRR14722197_metabat2_bin.3.fa	taxid assigned	based on 11380/24470 ORFs	1;131567;2759;33154;4751;451864;4890;716545;147538;716546;147547;1520881	1.00;1.00;0.99;0.96;0.96;0.95;0.94;0.94;0.94;0.92;0.49;0.49
public_SRR14722202_metabat2_bin.2.fa	taxid assigned	based on 14477/26398 ORFs	1;131567;2759;33154;4751;451864;4890;716545;147538;716546;147547;1520881;1520791;452227;87265;87266;136370	1.00;1.00;0.99;0.98;0.98;0.98;0.97;0.97;0.97;0.96;0.76;0.76;0.72;0.72;0.72;0.72;0.72
public_SRR14722208_metabat2_bin.1.fa	taxid assigned	based on 16001/32314 ORFs	1;131567;2759;33154;4751;451864;4890;716545;147538;716546;147547;1520881;388435;5197;157822;78060;112415	1.00;1.00;1.00;0.99;0.99;0.99;0.98;0.98;0.98;0.97;0.84;0.84;0.82;0.82;0.82;0.81;0.81
public_SRR14722210_metabat2_bin.3.fa	taxid assigned	based on 12043/25756 ORFs	1;131567;2759;33154;4751;451864;4890;716545;147538;716546;147547;1520881	1.00;1.00;0.99;0.96;0.96;0.94;0.93;0.93;0.93;0.92;0.55;0.55
public_SRR14722213_concoct_bin.9.fa	taxid assigned	based on 9113/18982 ORFs	1;131567;2759;33154;4751;451864;4890;716545;147538;716546	1.00;1.00;0.98;0.90;0.90;0.86;0.85;0.85;0.84;0.81
public_SRR14722213_metabat2_bin.1.fa	taxid assigned	based on 14263/25367 ORFs	1;131567;2759;33154;4751;451864;4890;716545;147538;716546;715962;147541;451867;2726947	1.00;1.00;0.99;0.78;0.78;0.78;0.77;0.77;0.77;0.77;0.66;0.66;0.60;0.52
public_SRR14722219_metabat2_bin.6.fa	taxid assigned	based on 14553/29674 ORFs	1;131567;2759;33154;4751;451864;4890;716545;147538;716546;147547;1520881;388435;5197;157822;78060;112415	1.00;1.00;1.00;0.99;0.99;0.99;0.99;0.99;0.98;0.98;0.87;0.87;0.86;0.86;0.86;0.85;0.85
public_SRR14722221_metabat2_bin.2.fa	taxid assigned	based on 13021/27202 ORFs	1;131567;2759;33154;4751;451864;4890;716545;147538;716546;147547;1520881	1.00;1.00;0.99;0.97;0.96;0.95;0.94;0.94;0.94;0.93;0.54;0.54
public_SRR14722222_metabat2_bin.6.fa	taxid assigned	based on 12544/28347 ORFs	1;131567;2759;33154;4751;451864;4890;716545;147538;716546;147545;451870;1618100;2231493;158045;158046	1.00;1.00;0.99;0.97;0.97;0.96;0.96;0.96;0.95;0.95;0.71;0.64;0.53;0.53;0.53;0.53
public_SRR14722229_concoct_bin.24.fa	taxid assigned	based on 12520/25154 ORFs	1;131567;2759;33154;4751;451864;4890;716545;147538;716546;147547;1520881;388435;5197;157822;78060;112415	1.00;1.00;1.00;0.98;0.98;0.98;0.97;0.97;0.97;0.96;0.80;0.80;0.72;0.72;0.72;0.69;0.69
public_SRR14722230_metabat2_bin.7.fa	taxid assigned	based on 9678/20083 ORFs	1;131567;2759;33154;4751;451864;4890;716545;147538;716546;147547;1520881	1.00;1.00;0.99;0.96;0.96;0.94;0.94;0.94;0.94;0.92;0.55;0.55
public_SRR14722231_metabat2_bin.5.fa	taxid assigned	based on 12898/25882 ORFs	1;131567;2759;33154;4751;451864;4890;716545;147538;716546;147547;1520881;388435;5197;157822;78060;112415	1.00;1.00;0.99;0.98;0.98;0.97;0.97;0.97;0.97;0.96;0.78;0.78;0.71;0.71;0.71;0.68;0.68
public_SRR14722232_concoct_bin.14.fa	taxid assigned	based on 12215/23524 ORFs	1;131567;2759;33154;4751;451864;4890;716545;147538;716546;147547;1520881;388435;5197;157822;78060;112415	1.00;1.00;0.99;0.98;0.98;0.97;0.97;0.97;0.97;0.96;0.79;0.79;0.72;0.72;0.72;0.69;0.69
public_SRR14722233_metabat2_bin.15.fa	taxid assigned	based on 10210/23988 ORFs	1;131567;2759;33154;4751;451864;4890;716545;147538;716546	1.00;1.00;0.98;0.56;0.56;0.52;0.51;0.51;0.51;0.49
public_SRR14722251_metabat2_bin.1.fa	taxid assigned	based on 11612/25361 ORFs	1;131567;2759;33154;4751;451864;4890;716545;147538;716546;147547;1520881	1.00;1.00;0.99;0.96;0.96;0.94;0.93;0.93;0.93;0.92;0.48;0.48
public_SRR14722272_metabat2_bin.6.fa	taxid assigned	based on 14479/31378 ORFs	1;131567;2759;33154;4751;451864;4890;716545;147538;716546;147547;1520881;388435;5197;157822;78060;112415	1.00;1.00;0.99;0.98;0.98;0.98;0.97;0.97;0.97;0.96;0.78;0.78;0.71;0.71;0.71;0.67;0.67
public_SRR14722274_metabat2_bin.2.fa	taxid assigned	based on 10270/21645 ORFs	1;131567;2759;33154;4751;451864;4890;716545;147538;716546;147547;1520881	1.00;1.00;0.99;0.95;0.95;0.93;0.92;0.92;0.92;0.90;0.45;0.45
public_SRR14722275_concoct_merged.0.fa	taxid assigned	based on 12963/28261 ORFs	1;131567;2759;33154;4751;451864;4890;716545;147538;716546;147547;1520881;388435;5197;157822;78060;112415	1.00;1.00;0.99;0.97;0.97;0.96;0.95;0.95;0.95;0.94;0.67;0.67;0.54;0.54;0.54;0.52;0.52
public_SRR14722277_metabat2_bin.3.fa	taxid assigned	based on 13985/28100 ORFs	1;131567;2759;33154;4751;451864;4890;716545;147538;716546;147547;1520881;388435;5197;157822;78060;112415	1.00;1.00;1.00;0.98;0.98;0.98;0.97;0.97;0.97;0.96;0.76;0.76;0.69;0.69;0.69;0.61;0.61
public_SRR14722278_concoct_bin.6.fa	taxid assigned	based on 12997/28745 ORFs	1;131567;2759;33154;4751;451864;4890;716545;147538;716546;147547;1520881	1.00;1.00;0.99;0.96;0.96;0.95;0.94;0.94;0.94;0.93;0.54;0.54
public_SRR14722279_metabat2_bin.4.fa	taxid assigned	based on 12373/26585 ORFs	1;131567;2759;33154;4751;451864;4890;716545;147538;716546;147547;1520881;388435;5197;157822;78060;112415	1.00;1.00;0.99;0.96;0.96;0.95;0.94;0.94;0.94;0.92;0.59;0.59;0.47;0.47;0.47;0.44;0.44
public_SRR14722280_metabat2_bin.4.fa	taxid assigned	based on 15804/27229 ORFs	1;131567;2759;33154;4751;451864;4890;716545;147538;716546;715962;147541;159987;714581;271822;1929940;1048519	1.00;1.00;1.00;0.98;0.98;0.98;0.98;0.98;0.98;0.97;0.87;0.87;0.80;0.79;0.79;0.79;0.79
public_SRR14722281_metabat2_bin.1.fa	taxid assigned	based on 14654/26673 ORFs	1;131567;2759;33154;4751;451864;4890;716545;147538;716546;715962;147541;159987;714581;271822;1929940;1048519	1.00;1.00;1.00;0.98;0.98;0.98;0.98;0.98;0.98;0.97;0.87;0.87;0.82;0.80;0.80;0.80;0.80
public_SRR14722288_metabat2_bin.3.fa	taxid assigned	based on 13236/30717 ORFs	1;131567;2759;33154;4751;451864;4890;716545;147538;716546;147547;1520881	1.00;1.00;0.99;0.96;0.96;0.94;0.93;0.92;0.92;0.90;0.41;0.41
public_SRR14722289_concoct_bin.0.fa	taxid assigned	based on 16605/33495 ORFs	1;131567;2759;33154;4751;451864;4890;716545;147538;716546;147547;1520881;388435;5197;157822;78060;112415	1.00;1.00;1.00;0.99;0.99;0.99;0.98;0.98;0.98;0.98;0.83;0.83;0.81;0.81;0.81;0.80;0.80
public_SRR14722290_metabat2_bin.4.fa	taxid assigned	based on 14255/28624 ORFs	1;131567;2759;33154;4751;451864;4890;716545;147538;716546;147547;1520881;388435;5197;157822;78060;112415	1.00;1.00;0.99;0.98;0.98;0.97;0.97;0.97;0.97;0.96;0.77;0.77;0.69;0.69;0.69;0.62;0.62
public_SRR14722291_concoct_bin.3.fa	taxid assigned	based on 17090/34685 ORFs	1;131567;2759;33154;4751;451864;4890;716545;147538;716546;147547;1520881;388435;5197;157822;78060;112415	1.00;1.00;1.00;0.99;0.99;0.99;0.99;0.99;0.99;0.98;0.88;0.88;0.86;0.86;0.86;0.86;0.85
public_SRR14722292_metabat2_bin.5.fa	taxid assigned	based on 14653/29777 ORFs	1;131567;2759;33154;4751;451864;4890;716545;147538;716546;147547;1520881;388435;5197;157822;78060;112415	1.00;1.00;0.99;0.98;0.98;0.98;0.97;0.97;0.97;0.96;0.77;0.77;0.71;0.71;0.71;0.62;0.62
public_SRR14722293_concoct_bin.15.fa	taxid assigned	based on 13517/27806 ORFs	1;131567;2759;33154;4751;451864;4890;716545;147538;716546;147547;1520881;388435;5197;157822;78060;112415	1.00;1.00;0.99;0.98;0.98;0.98;0.97;0.97;0.97;0.96;0.81;0.81;0.73;0.73;0.73;0.64;0.64
public_SRR14722294_metabat2_bin.7.fa	taxid assigned	based on 14400/29635 ORFs	1;131567;2759;33154;4751;451864;4890;716545;147538;716546;147547;1520881;388435;5197;157822;78060;112415	1.00;1.00;0.99;0.98;0.98;0.98;0.97;0.97;0.97;0.96;0.77;0.77;0.70;0.70;0.70;0.62;0.62
public_SRR14722296_metabat2_bin.7.fa	taxid assigned	based on 13149/26357 ORFs	1;131567;2759;33154;4751;451864;4890;716545;147538;716546;147547;1520881;388435;5197;157822;78060;112415	1.00;1.00;1.00;0.98;0.98;0.98;0.97;0.97;0.97;0.96;0.80;0.80;0.73;0.73;0.73;0.64;0.64
public_SRR14722298_metabat2_bin.8.fa	taxid assigned	based on 14499/29216 ORFs	1;131567;2759;33154;4751;451864;4890;716545;147538;716546;147547;1520881;388435;5197;157822;78060;112415	1.00;1.00;0.99;0.98;0.98;0.98;0.97;0.97;0.97;0.96;0.80;0.80;0.73;0.73;0.73;0.60;0.60
public_SRR14722299_metabat2_bin.9.fa	taxid assigned	based on 14747/30232 ORFs	1;131567;2759;33154;4751;451864;4890;716545;147538;716546;147547;1520881;388435;5197;157822;78060;112415	1.00;1.00;0.99;0.98;0.98;0.98;0.97;0.97;0.97;0.96;0.76;0.76;0.69;0.69;0.69;0.61;0.61
public_SRR14722300_metabat2_bin.4.fa	taxid assigned	based on 16083/32658 ORFs	1;131567;2759;33154;4751;451864;4890;716545;147538;716546;147547;1520881;388435;5197;157822;78060;112415	1.00;1.00;1.00;0.99;0.99;0.99;0.98;0.98;0.98;0.98;0.85;0.85;0.84;0.84;0.84;0.83;0.83
public_SRR14722301_metabat2_bin.5.fa	taxid assigned	based on 13532/27105 ORFs	1;131567;2759;33154;4751;451864;4890;716545;147538;716546;147547;1520881;388435;5197;157822;78060;112415	1.00;1.00;0.99;0.98;0.98;0.98;0.97;0.97;0.97;0.96;0.78;0.78;0.71;0.71;0.71;0.62;0.62
public_SRR14722302_concoct_merged.0.fa	taxid assigned	based on 15649/31185 ORFs	1;131567;2759;33154;4751;451864;4890;716545;147538;716546;147547;1520881;388435;5197;157822;78060;112415	1.00;1.00;1.00;0.99;0.99;0.99;0.98;0.98;0.98;0.98;0.85;0.85;0.83;0.83;0.83;0.82;0.82
public_SRR14722303_metabat2_bin.3.fa	taxid assigned	based on 12372/25177 ORFs	1;131567;2759;33154;4751;451864;4890;716545;147538;716546;147547;1520881;388435;5197;157822;78060;112415	1.00;1.00;0.99;0.98;0.98;0.97;0.97;0.97;0.97;0.96;0.77;0.77;0.70;0.70;0.70;0.67;0.67
public_SRR14722304_metabat2_bin.6.fa	taxid assigned	based on 12964/28447 ORFs	1;131567;2759;33154;4751;451864;4890;716545;147538;716546;147547;1520881;388435;5197;157822;78060;112415	1.00;1.00;0.99;0.97;0.97;0.96;0.95;0.95;0.95;0.94;0.67;0.67;0.54;0.54;0.54;0.52;0.52
public_SRR14722305_metabat2_bin.2.fa	taxid assigned	based on 14174/30747 ORFs	1;131567;2759;33154;4751;451864;4890;716545;147538;716546;147547;1520881	1.00;1.00;0.99;0.96;0.96;0.95;0.94;0.94;0.94;0.92;0.52;0.52
public_SRR14722307_metabat2_bin.5.fa	taxid assigned	based on 10234/20528 ORFs	1;131567;2759;33154;4751;451864;4890;716545;147538;716546;147547;1520881	1.00;1.00;0.99;0.96;0.96;0.95;0.95;0.95;0.94;0.93;0.58;0.58
public_SRR14722308_metabat2_bin.6.fa	taxid assigned	based on 12793/23446 ORFs	1;131567;2759;33154;4751;451864;4890;716545;147538;716546;147545;451870;146291;146292;364710;364733	1.00;1.00;1.00;0.99;0.99;0.99;0.99;0.99;0.99;0.99;0.94;0.94;0.93;0.93;0.93;0.93
public_SRR14722309_metabat2_bin.1.fa	taxid assigned	based on 13520/28167 ORFs	1;131567;2759;33154;4751;451864;4890;716545;147538;716546;147547;1520881;388435;5197;157822;78060;112415	1.00;1.00;0.99;0.98;0.98;0.97;0.97;0.97;0.97;0.96;0.76;0.76;0.69;0.69;0.69;0.66;0.66
public_SRR14722310_metabat2_bin.3.fa	taxid assigned	based on 16351/32912 ORFs	1;131567;2759;33154;4751;451864;4890;716545;147538;716546;147547;1520881;388435;5197;157822;78060;112415	1.00;1.00;1.00;0.99;0.99;0.98;0.98;0.98;0.98;0.98;0.84;0.84;0.82;0.82;0.82;0.81;0.81
public_SRR14722311_concoct_merged.0.fa	taxid assigned	based on 13948/31218 ORFs	1;131567;2759;33154;4751;451864;4890;716545;147538;716546	1.00;1.00;0.99;0.95;0.94;0.92;0.91;0.91;0.90;0.88
public_SRR14722312_concoct_bin.10.fa	taxid assigned	based on 11216/22891 ORFs	1;131567;2759;33154;4751;451864;4890;716545;147538;716546;147547;1520881;388435;5197;157822;78060;112415	1.00;1.00;0.99;0.97;0.97;0.96;0.96;0.96;0.96;0.95;0.72;0.72;0.59;0.59;0.59;0.57;0.57
public_SRR14722313_metabat2_bin.4.fa	taxid assigned	based on 13529/29214 ORFs	1;131567;2759;33154;4751;451864;4890;716545;147538;716546	1.00;1.00;0.99;0.94;0.94;0.92;0.90;0.90;0.90;0.88
public_SRR14722316_metabat2_bin.4.fa	taxid assigned	based on 13648/30637 ORFs	1;131567;2759;33154;4751;451864;4890;716545;147538;716546;147547;1520881	1.00;1.00;0.99;0.96;0.96;0.95;0.94;0.94;0.94;0.92;0.53;0.53
public_SRR14722318_metabat2_bin.2.fa	taxid assigned	based on 10798/22302 ORFs	1;131567;2759;33154;4751;451864;4890;716545;147538;716546;147547;1520881;388435;5197;157822;78060;112415	1.00;1.00;0.99;0.98;0.98;0.96;0.96;0.96;0.96;0.95;0.72;0.72;0.57;0.57;0.57;0.55;0.55
public_SRR14722319_metabat2_bin.1.fa	taxid assigned	based on 13984/28420 ORFs	1;131567;2759;33154;4751;451864;4890;716545;147538;716546;147547;1520881;388435;5197;157822;78060;112415	1.00;1.00;0.99;0.98;0.98;0.97;0.97;0.97;0.97;0.96;0.76;0.76;0.69;0.69;0.69;0.61;0.61
public_SRR14722320_concoct_bin.17.fa	taxid assigned	based on 8573/18207 ORFs	1;131567;2759;33154;4751;451864;4890;716545;147538;716546;147547;1520881	1.00;1.00;0.99;0.95;0.95;0.94;0.93;0.93;0.93;0.91;0.53;0.53
public_SRR14722323_concoct_merged.0.fa	taxid assigned	based on 14044/29030 ORFs	1;131567;2759;33154;4751;451864;4890;716545;147538;716546	1.00;1.00;0.98;0.92;0.92;0.89;0.87;0.87;0.87;0.85
public_SRR14722324_concoct_bin.1.fa	taxid assigned	based on 10517/22297 ORFs	1;131567;2759;33154;4751;451864;4890;716545;147538;716546;147547;1520881	1.00;1.00;0.99;0.95;0.94;0.93;0.92;0.92;0.92;0.90;0.44;0.44
public_SRR14722325_metabat2_bin.1.fa	taxid assigned	based on 15525/31248 ORFs	1;131567;2759;33154;4751;451864;4890;716545;147538;716546;147547;1520881;388435;5197;157822;78060;112415	1.00;1.00;1.00;0.99;0.99;0.99;0.98;0.98;0.98;0.98;0.84;0.84;0.83;0.83;0.83;0.82;0.82
public_SRR14722326_metabat2_bin.1.fa	taxid assigned	based on 17212/35085 ORFs	1;131567;2759;33154;4751;451864;4890;716545;147538;716546;147547;1520881;388435;5197;157822;78060;112415	1.00;1.00;1.00;0.99;0.99;0.99;0.98;0.98;0.98;0.98;0.82;0.82;0.81;0.81;0.81;0.80;0.79
public_SRR14722327_concoct_bin.11.fa	taxid assigned	based on 8990/19699 ORFs	1;131567;2759;33154;4751;451864;4890;716545;147538;716546;147547;1520881	1.00;1.00;0.99;0.94;0.94;0.92;0.91;0.91;0.91;0.89;0.44;0.44
public_SRR14722329_metabat2_bin.1.fa	taxid assigned	based on 16595/33032 ORFs	1;131567;2759;33154;4751;451864;4890;716545;147538;716546;147547;1520881;388435;5197;157822;78060;112415	1.00;1.00;1.00;0.99;0.99;0.99;0.98;0.98;0.98;0.98;0.84;0.84;0.82;0.82;0.82;0.81;0.81
public_SRR14722330_concoct_merged.0.fa	taxid assigned	based on 14518/34082 ORFs	1;131567;2759;33154;4751;451864;4890;716545;147538;716546	1.00;1.00;0.99;0.95;0.95;0.92;0.91;0.91;0.91;0.88
public_SRR1531517_concoct_bin.16.fa	taxid assigned	based on 13327/32890 ORFs	1;131567;2759;33154;4751;451864;4890;716545;147538;716546;147547;1520881	1.00;1.00;0.99;0.96;0.96;0.94;0.93;0.93;0.92;0.90;0.41;0.41
public_SRR1531545_concoct_bin.10.fa	taxid assigned	based on 11381/29579 ORFs	1;131567;2759;33154;4751;451864;4890;716545;147538;716546;147547;1520881	1.00;1.00;0.99;0.96;0.96;0.95;0.94;0.94;0.94;0.93;0.50;0.50
public_SRR1531569_concoct_bin.26.fa	taxid assigned	based on 11513/23466 ORFs	1;131567;2759;33154;4751;451864;4890;716545;147538;716546	1.00;1.00;0.98;0.92;0.92;0.89;0.88;0.88;0.88;0.83
public_SRR1532736_concoct_bin.13.fa	taxid assigned	based on 12499/25980 ORFs	1;131567;2759;33154;4751;451864;4890;716545;147538;716546;147547;1520881	1.00;1.00;0.99;0.96;0.96;0.95;0.94;0.94;0.94;0.92;0.54;0.54
public_SRR1532736_concoct_bin.20.fa	taxid assigned	based on 16639/45439 ORFs	1;131567;2759;33090;3041;2692248;75966;2507901;2507902;13786;285719;2608996	1.00;1.00;0.98;0.95;0.92;0.92;0.88;0.83;0.83;0.83;0.83;0.82
public_SRR2387885_metabat2_bin.15.fa	taxid assigned	based on 13930/27690 ORFs	1;131567;2759;33154;4751;451864;4890;716545;147538;716546;147547;1520881;1520791;452227;87265;87266;136370	1.00;1.00;1.00;0.99;0.99;0.99;0.99;0.99;0.99;0.99;0.97;0.97;0.97;0.97;0.97;0.97;0.97
public_SRR2387885_metabat2_bin.2.fa	taxid assigned	based on 38412/71685 ORFs	1;131567;2759;33090;3041;2692248;75966;2507901;2507902;13786;285719;2608996	1.00;1.00;0.99;0.98;0.98;0.97;0.96;0.95;0.95;0.95;0.95;0.94
public_SRR5808930_metabat2_bin.9.fa	taxid assigned	based on 17290/37359 ORFs	1;131567;2759;33154;4751;451864;4890;716545;147538;716546;147547;1520881;388435;5197;157822;78060;112415	1.00;1.00;1.00;0.99;0.99;0.99;0.98;0.98;0.98;0.98;0.88;0.88;0.86;0.86;0.86;0.85;0.85
public_SRR5808932_concoct_bin.35.fa	taxid assigned	based on 15795/31135 ORFs	1;131567;2759;33154;4751;451864;4890;716545;147538;716546;147547;1520881;388435;5197;157822;78060;112415	1.00;1.00;1.00;0.99;0.99;0.99;0.99;0.99;0.99;0.98;0.91;0.91;0.90;0.90;0.90;0.90;0.89
public_SRR5808932_metabat2_bin.2.fa	taxid assigned	based on 35359/73093 ORFs	1;131567;2759;33090;3041;2692248;75966;2507901;2507902;13786;285719;2608996	1.00;1.00;0.99;0.98;0.97;0.97;0.95;0.93;0.93;0.93;0.93;0.92
public_SRR7232211_concoct_bin.3.fa	taxid assigned	based on 16136/31808 ORFs	1;131567;2759;33154;4751;451864;4890;716545;147538;716546;147547;1520881;388435;5197;157822;78060;112415	1.00;1.00;1.00;1.00;1.00;1.00;1.00;1.00;0.99;0.99;0.98;0.98;0.98;0.98;0.98;0.98;0.98
public_SRR7232211_concoct_bin.8.fa	taxid assigned	based on 37598/78685 ORFs	1;131567;2759;33090;3041;2692248;75966;2507901;2507902;13786;285719;2608996	1.00;1.00;0.99;0.98;0.97;0.96;0.95;0.93;0.93;0.93;0.93;0.93
public_SRR7232212_concoct_bin.0.fa	taxid assigned	based on 32979/73900 ORFs	1;131567;2759;33090;3041;2692248;75966;2507901;2507902;13786;285719;2608996	1.00;1.00;0.98;0.97;0.95;0.95;0.93;0.89;0.89;0.89;0.89;0.89
public_SRR7232212_concoct_bin.12.fa	taxid assigned	based on 9478/20326 ORFs	1;131567;2759;33154;4751;451864;5204;29000	1.00;1.00;0.98;0.95;0.94;0.86;0.78;0.39
public_SRR7232212_concoct_bin.5.fa	taxid assigned	based on 11576/24782 ORFs	1;131567;2759;33154;4751;451864;5204;5302;155616;5234	1.00;1.00;1.00;0.99;0.98;0.98;0.95;0.94;0.92;0.79
public_SRR7232212_metabat2_bin.5.fa	taxid assigned	based on 15255/29863 ORFs	1;131567;2759;33154;4751;451864;4890;716545;147538;716546;147547;1520881;388435;5197;157822;78060;112415	1.00;1.00;1.00;1.00;1.00;1.00;1.00;0.99;0.99;0.99;0.98;0.98;0.98;0.98;0.98;0.98;0.98
public_SRR7232213_concoct_bin.0.fa	taxid assigned	based on 32673/73129 ORFs	1;131567;2759;33090;3041;2692248;75966;2507901;2507902;13786;285719;2608996	1.00;1.00;0.99;0.97;0.95;0.95;0.93;0.90;0.90;0.90;0.90;0.89
public_SRR7232213_concoct_bin.1.fa	taxid assigned	based on 16022/31323 ORFs	1;131567;2759;33154;4751;451864;4890;716545;147538;716546;147547;1520881;388435;5197;157822;78060;112415	1.00;1.00;1.00;0.99;0.99;0.99;0.99;0.99;0.99;0.99;0.98;0.98;0.98;0.98;0.98;0.98;0.97
public_SRR7232214_concoct_bin.6.fa	taxid assigned	based on 16725/31831 ORFs	1;131567;2759;33154;4751;451864;4890;716545;147538;716546;147547;1520881;388435;5197;157822;78060;112415	1.00;1.00;1.00;1.00;1.00;1.00;1.00;1.00;1.00;0.99;0.98;0.98;0.98;0.98;0.98;0.98;0.98
public_SRR7232214_concoct_bin.7.fa	taxid assigned	based on 12738/27562 ORFs	1;131567;2759;33154;4751;451864;5204;5302;155616;5234	1.00;1.00;0.99;0.99;0.98;0.97;0.95;0.94;0.92;0.79
public_SRR7232214_concoct_bin.9.fa	taxid assigned	based on 33128/73879 ORFs	1;131567;2759;33090;3041;2692248;75966;2507901;2507902;13786;285719;2608996	1.00;1.00;0.99;0.97;0.95;0.95;0.93;0.89;0.89;0.89;0.89;0.89
