alignment	start	end	length	nseqs	nparsimony	nvariable	nfixed
7977at3041_aligned_trimmed.fas	1	166	166	35	62	155	11
8869at3041_aligned_trimmed.fas	167	287	121	40	50	100	20
7646at3041_aligned_trimmed.fas	288	541	254	29	44	247	7
4665at3041_aligned_trimmed.fas	542	742	201	41	44	187	14
11053at3041_aligned_trimmed.fas	743	839	97	37	49	90	7
4294at3041_aligned_trimmed.fas	840	1194	355	37	144	276	76
2960at3041_aligned_trimmed.fas	1195	1730	536	33	73	508	27
1816at3041_aligned_trimmed.fas	1731	2025	295	41	45	232	59
7021at3041_aligned_trimmed.fas	2026	2290	265	27	104	237	27
7053at3041_aligned_trimmed.fas	2291	2436	146	32	53	114	31
8395at3041_aligned_trimmed.fas	2437	2569	133	40	48	107	25
9088at3041_aligned_trimmed.fas	2570	2672	103	40	17	51	51
11939at3041_aligned_trimmed.fas	2673	2900	228	37	45	221	7
3181at3041_aligned_trimmed.fas	2901	3195	295	38	61	200	94
1029at3041_aligned_trimmed.fas	3196	3597	402	36	10	390	11
2044at3041_aligned_trimmed.fas	3598	3944	347	27	153	285	58
4873at3041_aligned_trimmed.fas	3945	4143	199	40	51	169	27
5292at3041_aligned_trimmed.fas	4144	4367	224	32	87	195	28
5849at3041_aligned_trimmed.fas	4368	4586	219	37	16	219	0
1569at3041_aligned_trimmed.fas	4587	4983	397	39	36	311	84
4202at3041_aligned_trimmed.fas	4984	5425	442	35	181	412	30
6583at3041_aligned_trimmed.fas	5426	5606	181	38	72	142	38
1880at3041_aligned_trimmed.fas	5607	6010	404	37	155	349	53
10100at3041_aligned_trimmed.fas	6011	6344	334	41	90	318	16
9586at3041_aligned_trimmed.fas	6345	6507	163	37	93	151	12
4530at3041_aligned_trimmed.fas	6508	6707	200	37	75	171	29
7785at3041_aligned_trimmed.fas	6708	6845	138	34	33	95	41
8558at3041_aligned_trimmed.fas	6846	7108	263	38	86	244	19
2576at3041_aligned_trimmed.fas	7109	7562	454	34	102	436	18
9637at3041_aligned_trimmed.fas	7563	7707	145	37	42	99	45
5076at3041_aligned_trimmed.fas	7708	8110	403	38	37	360	42
7434at3041_aligned_trimmed.fas	8111	8244	134	38	60	118	16
2984at3041_aligned_trimmed.fas	8245	8602	358	23	114	299	57
5744at3041_aligned_trimmed.fas	8603	8932	330	36	118	298	31
8218at3041_aligned_trimmed.fas	8933	9123	191	31	56	186	4
11221at3041_aligned_trimmed.fas	9124	9201	78	39	27	57	20
7993at3041_aligned_trimmed.fas	9202	9372	171	40	97	165	6
5123at3041_aligned_trimmed.fas	9373	9694	322	37	73	306	15
2423at3041_aligned_trimmed.fas	9695	10076	382	33	87	335	45
3914at3041_aligned_trimmed.fas	10077	10305	229	36	62	196	31
8364at3041_aligned_trimmed.fas	10306	10698	393	36	133	378	15
2338at3041_aligned_trimmed.fas	10699	11213	515	36	43	502	11
4217at3041_aligned_trimmed.fas	11214	11347	134	40	31	130	4
3717at3041_aligned_trimmed.fas	11348	11859	512	31	233	445	64
7548at3041_aligned_trimmed.fas	11860	12007	148	38	32	71	76
4081at3041_aligned_trimmed.fas	12008	12235	228	39	83	202	26
8231at3041_aligned_trimmed.fas	12236	12497	262	41	63	255	5
4259at3041_aligned_trimmed.fas	12498	12853	356	36	138	336	20
1532at3041_aligned_trimmed.fas	12854	13357	504	33	91	399	100
1683at3041_aligned_trimmed.fas	13358	13698	341	40	109	285	51
9846at3041_aligned_trimmed.fas	13699	13818	120	40	57	115	5
8898at3041_aligned_trimmed.fas	13819	14080	262	33	73	258	4
4519at3041_aligned_trimmed.fas	14081	14276	196	33	66	155	39
8424at3041_aligned_trimmed.fas	14277	14424	148	32	9	147	1
2251at3041_aligned_trimmed.fas	14425	14776	352	19	143	288	62
9622at3041_aligned_trimmed.fas	14777	15088	312	37	117	298	14
10167at3041_aligned_trimmed.fas	15089	15367	279	37	96	241	36
3854at3041_aligned_trimmed.fas	15368	15754	387	39	90	378	9
5589at3041_aligned_trimmed.fas	15755	15997	243	35	130	233	10
9237at3041_aligned_trimmed.fas	15998	16165	168	39	66	144	23
3370at3041_aligned_trimmed.fas	16166	16490	325	36	56	284	35
4670at3041_aligned_trimmed.fas	16491	16719	229	36	62	138	89
440at3041_aligned_trimmed.fas	16720	17662	943	40	23	931	11
3559at3041_aligned_trimmed.fas	17663	17859	197	29	42	126	65
8618at3041_aligned_trimmed.fas	17860	17994	135	36	67	115	20
7879at3041_aligned_trimmed.fas	17995	18150	156	39	61	129	25
9279at3041_aligned_trimmed.fas	18151	18506	356	38	12	356	0
8595at3041_aligned_trimmed.fas	18507	18747	241	37	76	221	20
11113at3041_aligned_trimmed.fas	18748	18822	75	37	15	43	32
2820at3041_aligned_trimmed.fas	18823	19231	409	35	25	402	7
7748at3041_aligned_trimmed.fas	19232	19550	319	36	74	318	1
6455at3041_aligned_trimmed.fas	19551	19712	162	37	64	126	35
4065at3041_aligned_trimmed.fas	19713	19991	279	37	62	256	22
5551at3041_aligned_trimmed.fas	19992	20195	204	38	36	170	34
2051at3041_aligned_trimmed.fas	20196	20538	343	35	62	312	29
6183at3041_aligned_trimmed.fas	20539	20775	237	21	56	227	10
1740at3041_aligned_trimmed.fas	20776	21188	413	34	133	358	53
2104at3041_aligned_trimmed.fas	21189	21626	438	41	46	420	18
9985at3041_aligned_trimmed.fas	21627	21753	127	39	34	122	5
4933at3041_aligned_trimmed.fas	21754	22146	393	41	58	380	12
11837at3041_aligned_trimmed.fas	22147	22315	169	36	88	160	8
10500at3041_aligned_trimmed.fas	22316	22594	279	41	63	273	4
1072at3041_aligned_trimmed.fas	22595	23015	421	38	177	385	35
10056at3041_aligned_trimmed.fas	23016	23210	195	37	33	183	12
9021at3041_aligned_trimmed.fas	23211	23454	244	39	85	230	14
5735at3041_aligned_trimmed.fas	23455	23788	334	35	119	304	30
1343at3041_aligned_trimmed.fas	23789	24188	400	35	123	377	21
1080at3041_aligned_trimmed.fas	24189	24648	460	33	124	334	122
1883at3041_aligned_trimmed.fas	24649	25043	395	30	161	375	20
832at3041_aligned_trimmed.fas	25044	25523	480	39	24	400	80
6643at3041_aligned_trimmed.fas	25524	25694	171	39	75	135	34
8372at3041_aligned_trimmed.fas	25695	25825	131	40	40	77	53
1998at3041_aligned_trimmed.fas	25826	26215	390	35	146	327	60
6972at3041_aligned_trimmed.fas	26216	26375	160	36	101	150	10
5075at3041_aligned_trimmed.fas	26376	26585	210	35	97	149	57
11445at3041_aligned_trimmed.fas	26586	26668	83	38	51	73	10
6018at3041_aligned_trimmed.fas	26669	26858	190	38	88	173	16
5923at3041_aligned_trimmed.fas	26859	27059	201	34	50	108	89
8069at3041_aligned_trimmed.fas	27060	27214	155	36	65	134	21
1143at3041_aligned_trimmed.fas	27215	27661	447	33	86	375	67
2878at3041_aligned_trimmed.fas	27662	27961	300	39	57	259	37
3454at3041_aligned_trimmed.fas	27962	28425	464	38	46	435	27
2749at3041_aligned_trimmed.fas	28426	28717	292	38	92	245	46
6516at3041_aligned_trimmed.fas	28718	28909	192	37	88	162	28
1815at3041_aligned_trimmed.fas	28910	29223	314	39	125	258	55
2112at3041_aligned_trimmed.fas	29224	29521	298	23	117	238	60
11022at3041_aligned_trimmed.fas	29522	29734	213	32	40	209	4
7853at3041_aligned_trimmed.fas	29735	29937	203	42	86	148	55
7288at3041_aligned_trimmed.fas	29938	30080	143	39	69	132	10
8100at3041_aligned_trimmed.fas	30081	30314	234	35	59	230	4
8632at3041_aligned_trimmed.fas	30315	30456	142	34	36	139	3
5547at3041_aligned_trimmed.fas	30457	31058	602	39	71	589	13
4599at3041_aligned_trimmed.fas	31059	31391	333	33	114	304	29
1800at3041_aligned_trimmed.fas	31392	31908	517	38	117	498	18
3373at3041_aligned_trimmed.fas	31909	32290	382	35	104	361	20
11622at3041_aligned_trimmed.fas	32291	32412	122	33	40	111	11
2020at3041_aligned_trimmed.fas	32413	32822	410	41	64	377	32
3514at3041_aligned_trimmed.fas	32823	33121	299	35	138	294	2
5520at3041_aligned_trimmed.fas	33122	33329	208	35	64	176	32
11739at3041_aligned_trimmed.fas	33330	33500	171	37	55	149	22
1955at3041_aligned_trimmed.fas	33501	33868	368	34	173	341	25
1927at3041_aligned_trimmed.fas	33869	34182	314	34	102	247	65
3254at3041_aligned_trimmed.fas	34183	34590	408	30	149	351	55
4754at3041_aligned_trimmed.fas	34591	34959	369	37	63	292	74
9421at3041_aligned_trimmed.fas	34960	35111	152	28	31	149	3
8843at3041_aligned_trimmed.fas	35112	35316	205	37	92	192	13
5335at3041_aligned_trimmed.fas	35317	35530	214	39	47	156	57
10418at3041_aligned_trimmed.fas	35531	35777	247	19	69	235	11
9185at3041_aligned_trimmed.fas	35778	35968	191	34	41	170	19
6571at3041_aligned_trimmed.fas	35969	36280	312	37	70	263	47
8455at3041_aligned_trimmed.fas	36281	36542	262	41	115	241	21
8500at3041_aligned_trimmed.fas	36543	36670	128	40	48	94	31
9034at3041_aligned_trimmed.fas	36671	36797	127	31	15	58	65
7237at3041_aligned_trimmed.fas	36798	36954	157	33	54	132	24
3173at3041_aligned_trimmed.fas	36955	37203	249	31	91	218	30
3499at3041_aligned_trimmed.fas	37204	37867	664	34	123	632	30
10618at3041_aligned_trimmed.fas	37868	38098	231	36	66	221	10
7577at3041_aligned_trimmed.fas	38099	38294	196	35	39	182	13
10929at3041_aligned_trimmed.fas	38295	38488	194	36	92	193	1
7539at3041_aligned_trimmed.fas	38489	38648	160	38	60	144	14
4697at3041_aligned_trimmed.fas	38649	38854	206	33	53	181	25
5060at3041_aligned_trimmed.fas	38855	39054	200	38	57	159	39
6962at3041_aligned_trimmed.fas	39055	39218	164	40	49	138	24
3820at3041_aligned_trimmed.fas	39219	39418	200	39	6	198	2
1248at3041_aligned_trimmed.fas	39419	39861	443	30	68	409	32
6653at3041_aligned_trimmed.fas	39862	40068	207	38	86	154	52
1090at3041_aligned_trimmed.fas	40069	40483	415	39	75	353	61
3711at3041_aligned_trimmed.fas	40484	40781	298	39	124	240	55
8793at3041_aligned_trimmed.fas	40782	40977	196	39	63	187	9
4884at3041_aligned_trimmed.fas	40978	41441	464	38	66	438	26
4087at3041_aligned_trimmed.fas	41442	41666	225	35	59	213	12
2370at3041_aligned_trimmed.fas	41667	42051	385	36	52	355	30
3587at3041_aligned_trimmed.fas	42052	42320	269	34	47	226	40
3644at3041_aligned_trimmed.fas	42321	42692	372	41	124	363	9
6837at3041_aligned_trimmed.fas	42693	42901	209	40	53	183	26
5142at3041_aligned_trimmed.fas	42902	43171	270	33	131	232	37
9158at3041_aligned_trimmed.fas	43172	43290	119	40	41	74	45
10034at3041_aligned_trimmed.fas	43291	43658	368	43	57	364	4
5130at3041_aligned_trimmed.fas	43659	43889	231	33	66	205	24
10837at3041_aligned_trimmed.fas	43890	44022	133	36	55	124	9
6774at3041_aligned_trimmed.fas	44023	44164	142	43	21	117	25
6621at3041_aligned_trimmed.fas	44165	44347	183	37	81	134	48
2257at3041_aligned_trimmed.fas	44348	44749	402	39	58	393	9
6113at3041_aligned_trimmed.fas	44750	44995	246	27	117	203	41
3678at3041_aligned_trimmed.fas	44996	45198	203	38	69	166	35
8539at3041_aligned_trimmed.fas	45199	45321	123	35	60	112	10
8310at3041_aligned_trimmed.fas	45322	45501	180	37	63	148	28
9624at3041_aligned_trimmed.fas	45502	46178	677	31	314	659	18
11669at3041_aligned_trimmed.fas	46179	46275	97	37	45	89	8
1805at3041_aligned_trimmed.fas	46276	46595	320	38	41	320	0
6506at3041_aligned_trimmed.fas	46596	46802	207	37	94	176	30
7700at3041_aligned_trimmed.fas	46803	47051	249	37	101	247	2
2581at3041_aligned_trimmed.fas	47052	47349	298	37	124	233	60
7129at3041_aligned_trimmed.fas	47350	47784	435	41	106	428	7
6453at3041_aligned_trimmed.fas	47785	48077	293	32	106	257	36
3338at3041_aligned_trimmed.fas	48078	48336	259	39	91	212	46
7167at3041_aligned_trimmed.fas	48337	48557	221	38	99	209	12
1922at3041_aligned_trimmed.fas	48558	48915	358	35	48	297	57
10790at3041_aligned_trimmed.fas	48916	49080	165	42	46	148	16
4063at3041_aligned_trimmed.fas	49081	49324	244	31	88	235	8
4751at3041_aligned_trimmed.fas	49325	49675	351	10	88	227	120
6986at3041_aligned_trimmed.fas	49676	50049	374	38	97	361	13
4604at3041_aligned_trimmed.fas	50050	50410	361	32	162	347	14
3304at3041_aligned_trimmed.fas	50411	50657	247	39	35	238	9
7040at3041_aligned_trimmed.fas	50658	50997	340	37	25	330	10
9180at3041_aligned_trimmed.fas	50998	51117	120	36	27	82	37
5319at3041_aligned_trimmed.fas	51118	51510	393	40	159	373	20
6785at3041_aligned_trimmed.fas	51511	51881	371	39	27	367	3
8645at3041_aligned_trimmed.fas	51882	52002	121	37	60	98	23
7498at3041_aligned_trimmed.fas	52003	52271	269	39	133	216	52
11632at3041_aligned_trimmed.fas	52272	52364	93	41	37	78	15
1108at3041_aligned_trimmed.fas	52365	52768	404	33	110	248	153
5094at3041_aligned_trimmed.fas	52769	52943	175	39	62	163	12
9516at3041_aligned_trimmed.fas	52944	53255	312	40	119	281	29
10253at3041_aligned_trimmed.fas	53256	53432	177	39	63	161	13
4778at3041_aligned_trimmed.fas	53433	53748	316	32	81	304	12
4292at3041_aligned_trimmed.fas	53749	53965	217	38	82	178	39
6561at3041_aligned_trimmed.fas	53966	54299	334	37	110	318	15
7055at3041_aligned_trimmed.fas	54300	54637	338	36	172	293	42
7856at3041_aligned_trimmed.fas	54638	54912	275	36	93	246	28
1862at3041_aligned_trimmed.fas	54913	55231	319	36	58	276	41
6348at3041_aligned_trimmed.fas	55232	55377	146	40	34	95	49
6190at3041_aligned_trimmed.fas	55378	55609	232	39	30	230	2
2159at3041_aligned_trimmed.fas	55610	55937	328	40	13	322	6
5270at3041_aligned_trimmed.fas	55938	56174	237	38	82	192	42
1937at3041_aligned_trimmed.fas	56175	56488	314	37	81	286	27
7903at3041_aligned_trimmed.fas	56489	56630	142	38	51	103	37
5681at3041_aligned_trimmed.fas	56631	56923	293	36	31	281	12
2042at3041_aligned_trimmed.fas	56924	57365	442	39	57	424	18
4351at3041_aligned_trimmed.fas	57366	57834	469	35	190	424	42
4204at3041_aligned_trimmed.fas	57835	58135	301	34	128	288	13
8377at3041_aligned_trimmed.fas	58136	58280	145	39	60	119	25
9580at3041_aligned_trimmed.fas	58281	58423	143	36	48	138	4
7269at3041_aligned_trimmed.fas	58424	58657	234	37	106	218	16
3835at3041_aligned_trimmed.fas	58658	58899	242	36	32	158	81
5659at3041_aligned_trimmed.fas	58900	59196	297	35	137	244	51
6905at3041_aligned_trimmed.fas	59197	59476	280	37	81	260	19
9631at3041_aligned_trimmed.fas	59477	59596	120	27	33	78	41
4544at3041_aligned_trimmed.fas	59597	59871	275	33	146	256	19
7300at3041_aligned_trimmed.fas	59872	60155	284	40	137	244	39
2181at3041_aligned_trimmed.fas	60156	60587	432	36	108	400	32
2317at3041_aligned_trimmed.fas	60588	60868	281	38	135	226	54
11227at3041_aligned_trimmed.fas	60869	60981	113	35	28	86	27
6850at3041_aligned_trimmed.fas	60982	61213	232	39	84	210	22
11515at3041_aligned_trimmed.fas	61214	61356	143	35	59	126	16
6505at3041_aligned_trimmed.fas	61357	61602	246	37	120	224	22
2499at3041_aligned_trimmed.fas	61603	61981	379	39	22	373	6
1005at3041_aligned_trimmed.fas	61982	62620	639	42	53	633	6
4147at3041_aligned_trimmed.fas	62621	62916	296	38	113	276	20
2068at3041_aligned_trimmed.fas	62917	63559	643	32	50	638	5
5568at3041_aligned_trimmed.fas	63560	63784	225	40	26	206	17
1737at3041_aligned_trimmed.fas	63785	64324	540	23	140	488	49
3375at3041_aligned_trimmed.fas	64325	64658	334	34	49	299	34
10539at3041_aligned_trimmed.fas	64659	64870	212	39	117	202	10
4109at3041_aligned_trimmed.fas	64871	65134	264	41	43	246	18
510at3041_aligned_trimmed.fas	65135	65649	515	38	40	456	56
4012at3041_aligned_trimmed.fas	65650	65859	210	34	35	155	53
6422at3041_aligned_trimmed.fas	65860	66122	263	37	108	246	17
5554at3041_aligned_trimmed.fas	66123	66379	257	40	101	226	29
2054at3041_aligned_trimmed.fas	66380	67313	934	34	141	922	11
2397at3041_aligned_trimmed.fas	67314	67787	474	31	130	448	26
1610at3041_aligned_trimmed.fas	67788	68189	402	38	90	355	46
11703at3041_aligned_trimmed.fas	68190	68255	66	41	28	57	9
6577at3041_aligned_trimmed.fas	68256	68466	211	35	40	195	16
2728at3041_aligned_trimmed.fas	68467	68788	322	37	146	278	42
2101at3041_aligned_trimmed.fas	68789	69175	387	35	152	322	63
1462at3041_aligned_trimmed.fas	69176	69717	542	25	168	501	41
4520at3041_aligned_trimmed.fas	69718	70006	289	38	108	286	3
1093at3041_aligned_trimmed.fas	70007	70498	492	34	39	471	21
10808at3041_aligned_trimmed.fas	70499	70599	101	40	28	69	30
6593at3041_aligned_trimmed.fas	70600	70882	283	29	119	250	32
8453at3041_aligned_trimmed.fas	70883	71023	141	36	45	122	19
2699at3041_aligned_trimmed.fas	71024	71326	303	35	113	203	94
4084at3041_aligned_trimmed.fas	71327	71569	243	38	66	192	51
1537at3041_aligned_trimmed.fas	71570	71959	390	35	101	350	37
2782at3041_aligned_trimmed.fas	71960	72439	480	37	78	435	44
9298at3041_aligned_trimmed.fas	72440	72619	180	37	83	151	28
9958at3041_aligned_trimmed.fas	72620	72832	213	36	92	193	19
10037at3041_aligned_trimmed.fas	72833	73035	203	35	58	201	2
2528at3041_aligned_trimmed.fas	73036	73351	316	37	59	295	21
8574at3041_aligned_trimmed.fas	73352	73468	117	38	53	106	11
8208at3041_aligned_trimmed.fas	73469	73739	271	36	66	256	15
6622at3041_aligned_trimmed.fas	73740	74000	261	37	73	243	18
10650at3041_aligned_trimmed.fas	74001	74120	120	38	46	114	6
3760at3041_aligned_trimmed.fas	74121	74604	484	40	25	483	1
11795at3041_aligned_trimmed.fas	74605	74692	88	39	27	75	13
3391at3041_aligned_trimmed.fas	74693	75020	328	39	62	316	11
8408at3041_aligned_trimmed.fas	75021	75133	113	36	56	95	17
10679at3041_aligned_trimmed.fas	75134	75447	314	35	58	309	5
10948at3041_aligned_trimmed.fas	75448	75647	200	13	104	186	14
6710at3041_aligned_trimmed.fas	75648	75825	178	36	29	152	23
7224at3041_aligned_trimmed.fas	75826	76126	301	38	46	300	1
2366at3041_aligned_trimmed.fas	76127	76438	312	39	142	247	61
3591at3041_aligned_trimmed.fas	76439	76674	236	36	64	233	3
2233at3041_aligned_trimmed.fas	76675	76959	285	34	67	279	6
1477at3041_aligned_trimmed.fas	76960	77358	399	37	84	397	2
5802at3041_aligned_trimmed.fas	77359	77592	234	33	81	227	6
12535at3041_aligned_trimmed.fas	77593	77671	79	40	30	60	18
5599at3041_aligned_trimmed.fas	77672	77889	218	38	36	190	27
9632at3041_aligned_trimmed.fas	77890	78032	143	39	33	75	66
5073at3041_aligned_trimmed.fas	78033	78249	217	36	51	178	38
11780at3041_aligned_trimmed.fas	78250	78318	69	42	13	34	35
7303at3041_aligned_trimmed.fas	78319	78416	98	41	14	67	29
2182at3041_aligned_trimmed.fas	78417	78917	501	38	102	473	28
9903at3041_aligned_trimmed.fas	78918	79065	148	40	23	95	53
11371at3041_aligned_trimmed.fas	79066	79152	87	40	30	64	23
8348at3041_aligned_trimmed.fas	79153	79578	426	35	164	385	39
3009at3041_aligned_trimmed.fas	79579	79996	418	39	137	395	23
1379at3041_aligned_trimmed.fas	79997	80408	412	39	84	329	83
8190at3041_aligned_trimmed.fas	80409	80941	533	33	105	529	4
3911at3041_aligned_trimmed.fas	80942	81248	307	39	55	303	3
6445at3041_aligned_trimmed.fas	81249	81437	189	39	73	146	43
11103at3041_aligned_trimmed.fas	81438	81919	482	35	38	481	1
5533at3041_aligned_trimmed.fas	81920	82125	206	35	65	188	16
8977at3041_aligned_trimmed.fas	82126	82330	205	33	99	190	15
1722at3041_aligned_trimmed.fas	82331	82732	402	39	160	365	36
7716at3041_aligned_trimmed.fas	82733	82871	139	35	63	127	12
8021at3041_aligned_trimmed.fas	82872	83199	328	41	74	299	28
2654at3041_aligned_trimmed.fas	83200	84338	1139	29	125	1136	3
8939at3041_aligned_trimmed.fas	84339	84873	535	30	142	509	26
4152at3041_aligned_trimmed.fas	84874	85172	299	37	125	282	17
4951at3041_aligned_trimmed.fas	85173	85670	498	36	44	497	1
6562at3041_aligned_trimmed.fas	85671	86083	413	32	179	402	10
6479at3041_aligned_trimmed.fas	86084	86319	236	37	111	197	39
3312at3041_aligned_trimmed.fas	86320	86605	286	37	59	207	76
2959at3041_aligned_trimmed.fas	86606	87299	694	31	178	662	31
7631at3041_aligned_trimmed.fas	87300	87482	183	24	66	148	35
2773at3041_aligned_trimmed.fas	87483	87906	424	36	225	403	21
8106at3041_aligned_trimmed.fas	87907	88089	183	42	79	164	19
7900at3041_aligned_trimmed.fas	88090	88229	140	37	27	88	45
11171at3041_aligned_trimmed.fas	88230	88406	177	40	59	176	1
9604at3041_aligned_trimmed.fas	88407	88511	105	38	44	88	15
10141at3041_aligned_trimmed.fas	88512	88913	402	33	156	374	26
10768at3041_aligned_trimmed.fas	88914	89002	89	39	41	72	15
6930at3041_aligned_trimmed.fas	89003	89279	277	42	140	256	21
1301at3041_aligned_trimmed.fas	89280	89801	522	38	80	434	87
9860at3041_aligned_trimmed.fas	89802	90173	372	36	89	369	3
126at3041_aligned_trimmed.fas	90174	91322	1149	36	42	1146	3
7691at3041_aligned_trimmed.fas	91323	91572	250	33	75	224	26
3955at3041_aligned_trimmed.fas	91573	91952	380	36	118	351	29
1514at3041_aligned_trimmed.fas	91953	92300	348	35	74	267	75
9812at3041_aligned_trimmed.fas	92301	92480	180	39	38	130	50
5705at3041_aligned_trimmed.fas	92481	92719	239	40	51	229	9
4231at3041_aligned_trimmed.fas	92720	93009	290	40	100	254	36
8259at3041_aligned_trimmed.fas	93010	93214	205	40	48	193	12
6673at3041_aligned_trimmed.fas	93215	93394	180	37	72	153	25
6282at3041_aligned_trimmed.fas	93395	93757	363	34	151	351	11
8494at3041_aligned_trimmed.fas	93758	94024	267	30	134	258	9
5422at3041_aligned_trimmed.fas	94025	94314	290	33	150	250	39
4624at3041_aligned_trimmed.fas	94315	94557	243	36	62	233	10
8130at3041_aligned_trimmed.fas	94558	94857	300	39	55	290	9
4840at3041_aligned_trimmed.fas	94858	95061	204	40	39	174	28
1728at3041_aligned_trimmed.fas	95062	95568	507	30	212	413	93
12380at3041_aligned_trimmed.fas	95569	95655	87	32	47	78	9
4703at3041_aligned_trimmed.fas	95656	95891	236	38	82	194	40
9476at3041_aligned_trimmed.fas	95892	96076	185	37	79	159	23
9211at3041_aligned_trimmed.fas	96077	96368	292	32	88	276	16
5279at3041_aligned_trimmed.fas	96369	96549	181	42	79	140	40
3556at3041_aligned_trimmed.fas	96550	96832	283	35	94	268	15
4855at3041_aligned_trimmed.fas	96833	97034	202	39	13	102	96
1917at3041_aligned_trimmed.fas	97035	97444	410	33	98	302	101
8926at3041_aligned_trimmed.fas	97445	97610	166	37	90	160	6
5479at3041_aligned_trimmed.fas	97611	97813	203	40	82	177	26
9687at3041_aligned_trimmed.fas	97814	98010	197	6	34	172	24
1959at3041_aligned_trimmed.fas	98011	98299	289	30	83	269	19
5305at3041_aligned_trimmed.fas	98300	98552	253	35	124	241	10
10201at3041_aligned_trimmed.fas	98553	98696	144	38	38	140	4
6799at3041_aligned_trimmed.fas	98697	98846	150	19	77	120	27
12580at3041_aligned_trimmed.fas	98847	99125	279	17	105	262	17
2137at3041_aligned_trimmed.fas	99126	99759	634	37	35	627	7
6682at3041_aligned_trimmed.fas	99760	100051	292	35	105	274	18
4972at3041_aligned_trimmed.fas	100052	100407	356	25	190	340	16
5786at3041_aligned_trimmed.fas	100408	100589	182	35	88	154	26
4758at3041_aligned_trimmed.fas	100590	100873	284	40	41	243	38
12103at3041_aligned_trimmed.fas	100874	100988	115	33	53	113	2
3998at3041_aligned_trimmed.fas	100989	101324	336	36	100	310	26
7007at3041_aligned_trimmed.fas	101325	101506	182	41	77	176	6
10273at3041_aligned_trimmed.fas	101507	101665	159	40	54	139	20
4580at3041_aligned_trimmed.fas	101666	101917	252	37	99	239	13
3080at3041_aligned_trimmed.fas	101918	102233	316	31	101	256	57
3216at3041_aligned_trimmed.fas	102234	102512	279	35	16	274	5
2722at3041_aligned_trimmed.fas	102513	102974	462	40	44	453	9
8157at3041_aligned_trimmed.fas	102975	103295	321	38	30	309	10
6097at3041_aligned_trimmed.fas	103296	103654	359	39	91	342	17
1597at3041_aligned_trimmed.fas	103655	104062	408	38	179	359	44
2639at3041_aligned_trimmed.fas	104063	104392	330	35	128	256	70
4431at3041_aligned_trimmed.fas	104393	104804	412	27	128	388	24
9487at3041_aligned_trimmed.fas	104805	104954	150	38	52	109	39
5906at3041_aligned_trimmed.fas	104955	105069	115	38	27	106	7
6870at3041_aligned_trimmed.fas	105070	105289	220	34	105	181	37
8542at3041_aligned_trimmed.fas	105290	105439	150	37	35	126	22
9123at3041_aligned_trimmed.fas	105440	105546	107	37	43	95	11
5393at3041_aligned_trimmed.fas	105547	105843	297	35	110	270	25
8465at3041_aligned_trimmed.fas	105844	105988	145	40	74	130	15
10482at3041_aligned_trimmed.fas	105989	106109	121	42	51	111	8
5645at3041_aligned_trimmed.fas	106110	106404	295	18	99	259	36
4558at3041_aligned_trimmed.fas	106405	106736	332	42	73	302	30
6733at3041_aligned_trimmed.fas	106737	106945	209	37	38	207	2
6628at3041_aligned_trimmed.fas	106946	107126	181	38	71	157	24
6001at3041_aligned_trimmed.fas	107127	107526	400	35	114	385	10
6802at3041_aligned_trimmed.fas	107527	107798	272	37	97	259	13
8754at3041_aligned_trimmed.fas	107799	108133	335	37	54	301	33
1057at3041_aligned_trimmed.fas	108134	108604	471	40	21	456	15
7063at3041_aligned_trimmed.fas	108605	108831	227	40	50	223	3
4627at3041_aligned_trimmed.fas	108832	109042	211	35	71	148	60
6330at3041_aligned_trimmed.fas	109043	109280	238	39	30	221	17
4958at3041_aligned_trimmed.fas	109281	109543	263	38	154	249	13
3540at3041_aligned_trimmed.fas	109544	109892	349	39	105	315	32
9347at3041_aligned_trimmed.fas	109893	110061	169	39	64	158	11
1170at3041_aligned_trimmed.fas	110062	110512	451	38	101	407	39
8859at3041_aligned_trimmed.fas	110513	110827	315	40	33	314	1
4129at3041_aligned_trimmed.fas	110828	111241	414	39	74	362	52
3895at3041_aligned_trimmed.fas	111242	111465	224	39	55	214	10
3096at3041_aligned_trimmed.fas	111466	112352	887	31	147	804	82
1826at3041_aligned_trimmed.fas	112353	112704	352	40	51	348	4
6525at3041_aligned_trimmed.fas	112705	112977	273	32	74	257	15
7011at3041_aligned_trimmed.fas	112978	113287	310	40	63	308	2
5845at3041_aligned_trimmed.fas	113288	113551	264	36	57	252	11
3483at3041_aligned_trimmed.fas	113552	113747	196	34	46	189	7
9135at3041_aligned_trimmed.fas	113748	113970	223	34	111	208	15
12232at3041_aligned_trimmed.fas	113971	114099	129	40	20	121	7
6602at3041_aligned_trimmed.fas	114100	114317	218	34	101	210	8
7789at3041_aligned_trimmed.fas	114318	114554	237	41	110	229	7
1997at3041_aligned_trimmed.fas	114555	114857	303	38	51	274	25
1194at3041_aligned_trimmed.fas	114858	115314	457	36	53	288	159
4427at3041_aligned_trimmed.fas	115315	115602	288	40	97	263	24
7378at3041_aligned_trimmed.fas	115603	115716	114	35	14	84	28
6065at3041_aligned_trimmed.fas	115717	115977	261	34	46	208	51
617at3041_aligned_trimmed.fas	115978	116546	569	30	48	527	40
12455at3041_aligned_trimmed.fas	116547	116725	179	32	102	177	2
5962at3041_aligned_trimmed.fas	116726	116911	186	39	36	164	21
10065at3041_aligned_trimmed.fas	116912	117034	123	37	49	115	8
2461at3041_aligned_trimmed.fas	117035	117367	333	34	73	284	47
11378at3041_aligned_trimmed.fas	117368	117540	173	35	72	145	28
9109at3041_aligned_trimmed.fas	117541	117705	165	39	57	147	16
6017at3041_aligned_trimmed.fas	117706	117866	161	37	50	106	54
2988at3041_aligned_trimmed.fas	117867	118113	247	37	79	174	73
8526at3041_aligned_trimmed.fas	118114	118362	249	38	106	227	22
5590at3041_aligned_trimmed.fas	118363	118674	312	41	15	311	1
5706at3041_aligned_trimmed.fas	118675	118866	192	38	34	179	13
7087at3041_aligned_trimmed.fas	118867	119007	141	36	18	135	6
12183at3041_aligned_trimmed.fas	119008	119117	110	37	29	100	10
3629at3041_aligned_trimmed.fas	119118	119383	266	43	18	261	5
1899at3041_aligned_trimmed.fas	119384	119852	469	39	18	446	22
5905at3041_aligned_trimmed.fas	119853	120079	227	36	75	165	61
1570at3041_aligned_trimmed.fas	120080	121063	984	35	70	969	12
4300at3041_aligned_trimmed.fas	121064	121413	350	36	133	308	37
10730at3041_aligned_trimmed.fas	121414	121520	107	39	45	98	8
5634at3041_aligned_trimmed.fas	121521	121691	171	38	91	159	12
3029at3041_aligned_trimmed.fas	121692	122009	318	38	29	317	1
7276at3041_aligned_trimmed.fas	122010	122148	139	37	51	121	18
1242at3041_aligned_trimmed.fas	122149	122530	382	37	85	283	97
4255at3041_aligned_trimmed.fas	122531	123057	527	43	24	527	0
2261at3041_aligned_trimmed.fas	123058	123388	331	34	66	271	59
5053at3041_aligned_trimmed.fas	123389	123604	216	39	42	200	16
10157at3041_aligned_trimmed.fas	123605	123898	294	35	117	282	11
4567at3041_aligned_trimmed.fas	123899	124175	277	35	90	203	73
3864at3041_aligned_trimmed.fas	124176	124425	250	36	61	232	18
2553at3041_aligned_trimmed.fas	124426	125130	705	31	77	681	23
6926at3041_aligned_trimmed.fas	125131	125281	151	39	16	89	61
5822at3041_aligned_trimmed.fas	125282	125459	178	38	82	141	35
7189at3041_aligned_trimmed.fas	125460	125738	279	39	123	249	29
9152at3041_aligned_trimmed.fas	125739	125841	103	43	57	95	8
3398at3041_aligned_trimmed.fas	125842	126366	525	33	232	488	36
10873at3041_aligned_trimmed.fas	126367	126488	122	37	55	104	17
6002at3041_aligned_trimmed.fas	126489	126683	195	40	21	164	30
5561at3041_aligned_trimmed.fas	126684	126921	238	38	110	204	34
8925at3041_aligned_trimmed.fas	126922	127055	134	40	52	111	22
2490at3041_aligned_trimmed.fas	127056	127407	352	35	170	337	13
8073at3041_aligned_trimmed.fas	127408	127524	117	40	58	107	8
7744at3041_aligned_trimmed.fas	127525	127702	178	40	49	165	13
2134at3041_aligned_trimmed.fas	127703	128023	321	34	129	299	22
6681at3041_aligned_trimmed.fas	128024	128330	307	36	83	306	1
10319at3041_aligned_trimmed.fas	128331	128531	201	40	89	185	15
6319at3041_aligned_trimmed.fas	128532	128790	259	40	77	236	22
2945at3041_aligned_trimmed.fas	128791	129083	293	40	113	219	71
5785at3041_aligned_trimmed.fas	129084	129464	381	39	44	370	11
4971at3041_aligned_trimmed.fas	129465	129732	268	9	105	232	35
3198at3041_aligned_trimmed.fas	129733	130146	414	39	107	388	26
8001at3041_aligned_trimmed.fas	130147	130304	158	37	48	144	13
4583at3041_aligned_trimmed.fas	130305	130522	218	41	26	217	1
10459at3041_aligned_trimmed.fas	130523	130745	223	39	67	200	22
2721at3041_aligned_trimmed.fas	130746	131054	309	37	66	257	52
1594at3041_aligned_trimmed.fas	131055	131475	421	36	117	390	28
11038at3041_aligned_trimmed.fas	131476	131593	118	40	31	91	26
6357at3041_aligned_trimmed.fas	131594	131785	192	31	68	178	14
6897at3041_aligned_trimmed.fas	131786	131932	147	38	34	105	40
4824at3041_aligned_trimmed.fas	131933	132314	382	34	93	362	19
1966at3041_aligned_trimmed.fas	132315	132677	363	40	111	285	73
11957at3041_aligned_trimmed.fas	132678	132904	227	37	38	225	1
4050at3041_aligned_trimmed.fas	132905	133305	401	40	26	401	0
4288at3041_aligned_trimmed.fas	133306	133594	289	40	84	231	56
9417at3041_aligned_trimmed.fas	133595	133827	233	39	133	220	12
8920at3041_aligned_trimmed.fas	133828	133963	136	40	46	121	15
3337at3041_aligned_trimmed.fas	133964	134436	473	35	181	442	31
7168at3041_aligned_trimmed.fas	134437	134590	154	38	78	146	8
1047at3041_aligned_trimmed.fas	134591	134996	406	39	123	334	68
2932at3041_aligned_trimmed.fas	134997	135298	302	37	115	247	52
7802at3041_aligned_trimmed.fas	135299	135605	307	38	40	306	1
2940at3041_aligned_trimmed.fas	135606	135920	315	33	95	249	63
11073at3041_aligned_trimmed.fas	135921	136052	132	33	64	117	12
10684at3041_aligned_trimmed.fas	136053	136177	125	35	35	86	37
11870at3041_aligned_trimmed.fas	136178	136409	232	40	91	209	23
6207at3041_aligned_trimmed.fas	136410	136641	232	39	95	217	14
9319at3041_aligned_trimmed.fas	136642	136783	142	35	70	126	16
2671at3041_aligned_trimmed.fas	136784	137373	590	38	76	584	6
3885at3041_aligned_trimmed.fas	137374	137686	313	38	100	289	23
8004at3041_aligned_trimmed.fas	137687	137853	167	36	57	122	43
11482at3041_aligned_trimmed.fas	137854	138147	294	38	128	289	5
8778at3041_aligned_trimmed.fas	138148	138260	113	42	44	85	26
8151at3041_aligned_trimmed.fas	138261	138450	190	36	48	169	20
5224at3041_aligned_trimmed.fas	138451	138959	509	39	81	508	1
2724at3041_aligned_trimmed.fas	138960	139185	226	38	52	211	15
8849at3041_aligned_trimmed.fas	139186	139680	495	36	19	491	4
10412at3041_aligned_trimmed.fas	139681	139810	130	40	37	120	10
2815at3041_aligned_trimmed.fas	139811	140235	425	40	88	413	12
6989at3041_aligned_trimmed.fas	140236	140458	223	40	78	204	18
3137at3041_aligned_trimmed.fas	140459	140805	347	34	145	325	21
2403at3041_aligned_trimmed.fas	140806	141009	204	36	86	168	34
5103at3041_aligned_trimmed.fas	141010	141242	233	38	76	202	31
5900at3041_aligned_trimmed.fas	141243	141424	182	31	82	169	12
3179at3041_aligned_trimmed.fas	141425	141713	289	39	128	262	27
11894at3041_aligned_trimmed.fas	141714	141818	105	40	47	103	2
3493at3041_aligned_trimmed.fas	141819	142133	315	40	29	306	7
4088at3041_aligned_trimmed.fas	142134	142374	241	33	94	179	62
3588at3041_aligned_trimmed.fas	142375	142732	358	38	97	240	110
13024at3041_aligned_trimmed.fas	142733	142799	67	41	17	51	15
10951at3041_aligned_trimmed.fas	142800	142922	123	40	27	111	12
3062at3041_aligned_trimmed.fas	142923	143182	260	40	41	166	88
11326at3041_aligned_trimmed.fas	143183	143266	84	40	41	67	17
7428at3041_aligned_trimmed.fas	143267	143439	173	37	60	117	54
3946at3041_aligned_trimmed.fas	143440	143740	301	22	102	212	87
3145at3041_aligned_trimmed.fas	143741	143940	200	25	67	163	37
7266at3041_aligned_trimmed.fas	143941	144103	163	38	73	125	37
6491at3041_aligned_trimmed.fas	144104	144413	310	35	83	268	40
4310at3041_aligned_trimmed.fas	144414	144695	282	13	113	248	34
12450at3041_aligned_trimmed.fas	144696	144857	162	36	18	159	3
10012at3041_aligned_trimmed.fas	144858	144963	106	38	63	100	6
6649at3041_aligned_trimmed.fas	144964	145288	325	26	147	278	43
1512at3041_aligned_trimmed.fas	145289	145624	336	40	78	265	71
8438at3041_aligned_trimmed.fas	145625	145834	210	35	57	198	11
10491at3041_aligned_trimmed.fas	145835	145989	155	36	74	137	18
2896at3041_aligned_trimmed.fas	145990	146266	277	38	73	246	30
5929at3041_aligned_trimmed.fas	146267	146496	230	38	112	193	36
7568at3041_aligned_trimmed.fas	146497	146669	173	41	68	130	43
9281at3041_aligned_trimmed.fas	146670	146869	200	28	76	187	13
5703at3041_aligned_trimmed.fas	146870	147230	361	37	74	300	56
2318at3041_aligned_trimmed.fas	147231	147483	253	30	91	185	64
3005at3041_aligned_trimmed.fas	147484	147783	300	39	127	267	30
3806at3041_aligned_trimmed.fas	147784	148192	409	39	50	391	16
2531at3041_aligned_trimmed.fas	148193	148658	466	36	141	436	29
3239at3041_aligned_trimmed.fas	148659	149069	411	38	79	408	3
8492at3041_aligned_trimmed.fas	149070	149331	262	24	34	256	5
2124at3041_aligned_trimmed.fas	149332	149671	340	41	40	332	8
4808at3041_aligned_trimmed.fas	149672	149985	314	37	109	274	38
1149at3041_aligned_trimmed.fas	149986	150439	454	31	68	424	29
2969at3041_aligned_trimmed.fas	150440	150727	288	41	63	253	35
2743at3041_aligned_trimmed.fas	150728	151049	322	31	152	287	35
3277at3041_aligned_trimmed.fas	151050	151437	388	38	19	386	2
6407at3041_aligned_trimmed.fas	151438	151710	273	34	128	240	30
11141at3041_aligned_trimmed.fas	151711	151842	132	39	47	127	5
3537at3041_aligned_trimmed.fas	151843	152176	334	38	23	334	0
5503at3041_aligned_trimmed.fas	152177	152377	201	35	60	155	43
6347at3041_aligned_trimmed.fas	152378	152883	506	37	68	488	17
9999at3041_aligned_trimmed.fas	152884	153033	150	38	42	132	18
1584at3041_aligned_trimmed.fas	153034	153707	674	36	127	659	15
5231at3041_aligned_trimmed.fas	153708	154052	345	37	68	332	12
9470at3041_aligned_trimmed.fas	154053	154218	166	36	78	157	7
8947at3041_aligned_trimmed.fas	154219	154359	141	40	50	103	36
5364at3041_aligned_trimmed.fas	154360	154626	267	34	82	243	24
3350at3041_aligned_trimmed.fas	154627	155058	432	34	121	349	80
2664at3041_aligned_trimmed.fas	155059	155379	321	38	22	313	7
7014at3041_aligned_trimmed.fas	155380	155575	196	38	79	174	21
9168at3041_aligned_trimmed.fas	155576	155865	290	17	111	275	12
1576at3041_aligned_trimmed.fas	155866	156335	470	36	52	457	13
8275at3041_aligned_trimmed.fas	156336	156562	227	36	73	208	16
5818at3041_aligned_trimmed.fas	156563	156872	310	36	145	281	27
1187at3041_aligned_trimmed.fas	156873	157531	659	40	44	653	6
9073at3041_aligned_trimmed.fas	157532	157682	151	36	70	134	17
2267at3041_aligned_trimmed.fas	157683	157906	224	37	41	209	14
4993at3041_aligned_trimmed.fas	157907	158183	277	37	69	269	8
4253at3041_aligned_trimmed.fas	158184	158437	254	40	56	247	6
6123at3041_aligned_trimmed.fas	158438	158694	257	36	92	186	70
12513at3041_aligned_trimmed.fas	158695	158859	165	36	85	148	17
4348at3041_aligned_trimmed.fas	158860	159184	325	38	55	301	21
3061at3041_aligned_trimmed.fas	159185	159632	448	40	34	426	21
6952at3041_aligned_trimmed.fas	159633	159899	267	38	95	230	37
5027at3041_aligned_trimmed.fas	159900	160068	169	32	114	158	11
1278at3041_aligned_trimmed.fas	160069	160479	411	37	137	339	72
11417at3041_aligned_trimmed.fas	160480	160580	101	40	30	85	16
7357at3041_aligned_trimmed.fas	160581	160749	169	39	42	147	22
8989at3041_aligned_trimmed.fas	160750	160930	181	35	84	172	8
3721at3041_aligned_trimmed.fas	160931	161217	287	38	90	259	27
4374at3041_aligned_trimmed.fas	161218	161523	306	34	97	285	20
10744at3041_aligned_trimmed.fas	161524	161673	150	38	17	141	9
1504at3041_aligned_trimmed.fas	161674	162156	483	33	119	454	29
676at3041_aligned_trimmed.fas	162157	163198	1042	34	185	989	52
10076at3041_aligned_trimmed.fas	163199	163416	218	40	86	207	11
4446at3041_aligned_trimmed.fas	163417	163647	231	39	72	160	66
7319at3041_aligned_trimmed.fas	163648	163798	151	38	52	90	61
5567at3041_aligned_trimmed.fas	163799	164064	266	32	127	230	30
1738at3041_aligned_trimmed.fas	164065	164489	425	38	34	295	125
2496at3041_aligned_trimmed.fas	164490	164820	331	36	111	288	41
3261at3041_aligned_trimmed.fas	164821	165153	333	37	70	305	27
7742at3041_aligned_trimmed.fas	165154	165295	142	35	24	110	32
7070at3041_aligned_trimmed.fas	165296	165659	364	30	108	327	37
336at3041_aligned_trimmed.fas	165660	166337	678	37	349	560	114
2931at3041_aligned_trimmed.fas	166338	166681	344	43	41	337	7
11659at3041_aligned_trimmed.fas	166682	166859	178	32	105	151	27
11481at3041_aligned_trimmed.fas	166860	167131	272	34	65	264	8
6891at3041_aligned_trimmed.fas	167132	167326	195	39	91	174	21
7294at3041_aligned_trimmed.fas	167327	167482	156	39	47	136	18
4608at3041_aligned_trimmed.fas	167483	167725	243	39	104	228	14
4822at3041_aligned_trimmed.fas	167726	167935	210	41	55	191	17
7494at3041_aligned_trimmed.fas	167936	168201	266	39	42	253	13
8863at3041_aligned_trimmed.fas	168202	168333	132	39	54	105	27
9401at3041_aligned_trimmed.fas	168334	168725	392	38	60	375	17
5240at3041_aligned_trimmed.fas	168726	169036	311	36	141	282	26
2598at3041_aligned_trimmed.fas	169037	169347	311	34	98	274	37
2871at3041_aligned_trimmed.fas	169348	169851	504	36	31	501	3
1176at3041_aligned_trimmed.fas	169852	170296	445	34	48	370	73
6476at3041_aligned_trimmed.fas	170297	170553	257	33	110	245	9
8675at3041_aligned_trimmed.fas	170554	170754	201	35	87	181	20
11933at3041_aligned_trimmed.fas	170755	170874	120	37	66	113	7
7059at3041_aligned_trimmed.fas	170875	171024	150	37	21	114	36
4879at3041_aligned_trimmed.fas	171025	171309	285	38	150	271	14
8811at3041_aligned_trimmed.fas	171310	171431	122	37	42	61	59
3988at3041_aligned_trimmed.fas	171432	171670	239	40	44	207	32
1820at3041_aligned_trimmed.fas	171671	172039	369	37	94	227	140
5796at3041_aligned_trimmed.fas	172040	172218	179	40	66	143	36
4962at3041_aligned_trimmed.fas	172219	172506	288	37	123	243	44
8720at3041_aligned_trimmed.fas	172507	172738	232	38	124	217	15
11866at3041_aligned_trimmed.fas	172739	173045	307	33	119	299	8
11259at3041_aligned_trimmed.fas	173046	173157	112	35	62	94	18
1304at3041_aligned_trimmed.fas	173158	173717	560	39	114	549	10
7519at3041_aligned_trimmed.fas	173718	173928	211	41	100	205	5
7265at3041_aligned_trimmed.fas	173929	174115	187	21	46	164	21
2327at3041_aligned_trimmed.fas	174116	174537	422	37	8	422	0
3613at3041_aligned_trimmed.fas	174538	174834	297	40	20	287	10
8449at3041_aligned_trimmed.fas	174835	175001	167	38	53	156	11
3121at3041_aligned_trimmed.fas	175002	175312	311	38	83	285	26
6589at3041_aligned_trimmed.fas	175313	175518	206	36	106	172	32
1089at3041_aligned_trimmed.fas	175519	175973	455	39	122	390	62
8260at3041_aligned_trimmed.fas	175974	176228	255	34	47	241	13
1511at3041_aligned_trimmed.fas	176229	176696	468	34	225	385	83
3950at3041_aligned_trimmed.fas	176697	176960	264	35	112	244	19
3153at3041_aligned_trimmed.fas	176961	177365	405	34	65	393	12
12313at3041_aligned_trimmed.fas	177366	177511	146	33	42	143	3
8309at3041_aligned_trimmed.fas	177512	177704	193	36	98	167	26
6909at3041_aligned_trimmed.fas	177705	177915	211	37	89	191	20
5129at3041_aligned_trimmed.fas	177916	178138	223	37	106	194	29
6144at3041_aligned_trimmed.fas	178139	178306	168	40	53	143	25
7470at3041_aligned_trimmed.fas	178307	178578	272	38	103	264	7
4506at3041_aligned_trimmed.fas	178579	179193	615	35	44	599	16
7999at3041_aligned_trimmed.fas	179194	179383	190	19	92	176	14
9478at3041_aligned_trimmed.fas	179384	179537	154	38	57	135	19
12295at3041_aligned_trimmed.fas	179538	179663	126	36	42	111	14
4927at3041_aligned_trimmed.fas	179664	179916	253	35	125	234	16
9991at3041_aligned_trimmed.fas	179917	180123	207	24	71	191	16
2110at3041_aligned_trimmed.fas	180124	180496	373	36	171	308	63
1601at3041_aligned_trimmed.fas	180497	180883	387	35	34	377	9
10699at3041_aligned_trimmed.fas	180884	180984	101	38	43	80	21
10373at3041_aligned_trimmed.fas	180985	181077	93	39	35	77	15
7107at3041_aligned_trimmed.fas	181078	181395	318	38	85	295	21
1133at3041_aligned_trimmed.fas	181396	182222	827	35	100	800	24
4872at3041_aligned_trimmed.fas	182223	182459	237	43	103	214	21
8868at3041_aligned_trimmed.fas	182460	182563	104	31	14	70	30
1282at3041_aligned_trimmed.fas	182564	182924	361	37	93	283	75
6268at3041_aligned_trimmed.fas	182925	183175	251	39	64	251	0
9376at3041_aligned_trimmed.fas	183176	183368	193	37	73	167	25
4800at3041_aligned_trimmed.fas	183369	183566	198	34	70	158	40
10301at3041_aligned_trimmed.fas	183567	183733	167	38	63	147	19
10197at3041_aligned_trimmed.fas	183734	183830	97	39	47	60	37
4664at3041_aligned_trimmed.fas	183831	184054	224	40	68	216	8
8826at3041_aligned_trimmed.fas	184055	184266	212	38	70	201	9
1817at3041_aligned_trimmed.fas	184267	184629	363	35	32	312	50
5188at3041_aligned_trimmed.fas	184630	184848	219	36	92	200	19
7020at3041_aligned_trimmed.fas	184849	185139	291	38	44	277	12
7823at3041_aligned_trimmed.fas	185140	185436	297	38	130	272	24
4295at3041_aligned_trimmed.fas	185437	185611	175	37	68	140	33
10566at3041_aligned_trimmed.fas	185612	185697	86	38	26	51	33
11052at3041_aligned_trimmed.fas	185698	185826	129	41	49	119	10
4156at3041_aligned_trimmed.fas	185827	185974	148	35	14	138	10
3456at3041_aligned_trimmed.fas	185975	186260	286	31	104	237	44
5874at3041_aligned_trimmed.fas	186261	186513	253	35	90	248	5
4458at3041_aligned_trimmed.fas	186514	186799	286	35	105	236	48
9051at3041_aligned_trimmed.fas	186800	186976	177	41	60	176	1
3624at3041_aligned_trimmed.fas	186977	187233	257	35	91	175	77
6397at3041_aligned_trimmed.fas	187234	187437	204	32	73	176	28
8997at3041_aligned_trimmed.fas	187438	187578	141	38	93	135	5
5779at3041_aligned_trimmed.fas	187579	187802	224	36	40	215	9
7512at3041_aligned_trimmed.fas	187803	187975	173	39	66	127	42
10857at3041_aligned_trimmed.fas	187976	188048	73	34	8	45	28
2688at3041_aligned_trimmed.fas	188049	188411	363	37	130	288	73
11191at3041_aligned_trimmed.fas	188412	188843	432	42	49	425	7
5662at3041_aligned_trimmed.fas	188844	189018	175	39	51	150	24
830at3041_aligned_trimmed.fas	189019	189421	403	32	94	334	67
1341at3041_aligned_trimmed.fas	189422	189904	483	41	64	444	38
5737at3041_aligned_trimmed.fas	189905	190198	294	36	110	266	25
8781at3041_aligned_trimmed.fas	190199	190538	340	37	93	324	16
4203at3041_aligned_trimmed.fas	190539	190841	303	39	78	273	30
3618at3041_aligned_trimmed.fas	190842	191165	324	39	65	296	26
2505at3041_aligned_trimmed.fas	191166	191669	504	34	164	462	42
5005at3041_aligned_trimmed.fas	191670	191888	219	37	122	193	26
4403at3041_aligned_trimmed.fas	191889	192197	309	37	117	285	24
10033at3041_aligned_trimmed.fas	192198	192424	227	28	69	225	2
5934at3041_aligned_trimmed.fas	192425	192658	234	36	92	179	55
7184at3041_aligned_trimmed.fas	192659	192879	221	37	39	218	3
6773at3041_aligned_trimmed.fas	192880	193096	217	40	110	196	21
10128at3041_aligned_trimmed.fas	193097	193294	198	38	93	197	1
4331at3041_aligned_trimmed.fas	193295	193584	290	37	96	262	25
5179at3041_aligned_trimmed.fas	193585	193875	291	36	139	264	23
2990at3041_aligned_trimmed.fas	193876	194182	307	36	102	234	71
5588at3041_aligned_trimmed.fas	194183	194365	183	37	94	147	34
2088at3041_aligned_trimmed.fas	194366	194787	422	37	47	409	13
10965at3041_aligned_trimmed.fas	194788	194918	131	41	66	129	2
9651at3041_aligned_trimmed.fas	194919	195127	209	40	39	194	15
3869at3041_aligned_trimmed.fas	195128	195554	427	31	116	400	26
1201at3041_aligned_trimmed.fas	195555	196219	665	40	18	662	3
8502at3041_aligned_trimmed.fas	196220	196472	253	37	45	233	18
1428at3041_aligned_trimmed.fas	196473	196865	393	38	73	357	36
5677at3041_aligned_trimmed.fas	196866	197128	263	36	132	237	25
4080at3041_aligned_trimmed.fas	197129	197302	174	33	71	150	23
3758at3041_aligned_trimmed.fas	197303	197558	256	36	24	214	42
10668at3041_aligned_trimmed.fas	197559	197675	117	40	49	93	24
5946at3041_aligned_trimmed.fas	197676	197926	251	32	32	238	13
5145at3041_aligned_trimmed.fas	197927	198164	238	35	77	180	57
5550at3041_aligned_trimmed.fas	198165	198359	195	40	46	180	13
5788at3041_aligned_trimmed.fas	198360	198620	261	39	138	231	29
8117at3041_aligned_trimmed.fas	198621	198785	165	20	76	139	26
5262at3041_aligned_trimmed.fas	198786	198991	206	33	50	183	21
9423at3041_aligned_trimmed.fas	198992	199146	155	38	87	147	6
433at3041_aligned_trimmed.fas	199147	199775	629	36	95	607	21
7844at3041_aligned_trimmed.fas	199776	200033	258	39	77	252	6
7047at3041_aligned_trimmed.fas	200034	200269	236	35	65	169	66
11836at3041_aligned_trimmed.fas	200270	200416	147	36	56	138	9
12131at3041_aligned_trimmed.fas	200417	200529	113	36	16	103	9
4143at3041_aligned_trimmed.fas	200530	200908	379	28	84	350	29
1628at3041_aligned_trimmed.fas	200909	201568	660	41	50	630	28
3558at3041_aligned_trimmed.fas	201569	201832	264	26	100	238	25
4058at3041_aligned_trimmed.fas	201833	202172	340	37	148	321	19
8619at3041_aligned_trimmed.fas	202173	202362	190	37	60	159	29
3371at3041_aligned_trimmed.fas	202363	202613	251	38	101	231	20
10182at3041_aligned_trimmed.fas	202614	202771	158	28	54	146	12
1666at3041_aligned_trimmed.fas	202772	203183	412	38	36	409	3
2139at3041_aligned_trimmed.fas	203184	203546	363	33	157	290	70
6454at3041_aligned_trimmed.fas	203547	203713	167	41	59	165	2
226at3041_aligned_trimmed.fas	203714	204681	968	32	35	952	16
7963at3041_aligned_trimmed.fas	204682	204987	306	33	119	268	37
4016at3041_aligned_trimmed.fas	204988	205363	376	35	128	352	22
8301at3041_aligned_trimmed.fas	205364	205731	368	24	77	353	12
10642at3041_aligned_trimmed.fas	205732	206197	466	33	74	462	4
5839at3041_aligned_trimmed.fas	206198	206383	186	39	81	140	44
4327at3041_aligned_trimmed.fas	206384	206611	228	43	44	223	5
7089at3041_aligned_trimmed.fas	206612	206964	353	37	125	332	20
5950at3041_aligned_trimmed.fas	206965	207093	129	41	8	125	3
6717at3041_aligned_trimmed.fas	207094	207230	137	39	62	133	3
4200at3041_aligned_trimmed.fas	207231	207534	304	38	86	289	15
8373at3041_aligned_trimmed.fas	207535	207690	156	38	58	141	15
928at3041_aligned_trimmed.fas	207691	208352	662	36	49	631	30
7051at3041_aligned_trimmed.fas	208353	208728	376	41	83	370	6
6565at3041_aligned_trimmed.fas	208729	208906	178	38	46	158	19
7392at3041_aligned_trimmed.fas	208907	209120	214	38	10	206	7
7678at3041_aligned_trimmed.fas	209121	209379	259	38	87	248	10
10517at3041_aligned_trimmed.fas	209380	209500	121	35	60	109	12
4127at3041_aligned_trimmed.fas	209501	209761	261	38	20	256	5
11023at3041_aligned_trimmed.fas	209762	209885	124	39	46	113	9
4924at3041_aligned_trimmed.fas	209886	210213	328	35	64	294	31
7763at3041_aligned_trimmed.fas	210214	210382	169	38	60	148	21
3315at3041_aligned_trimmed.fas	210383	210846	464	34	25	455	9
6302at3041_aligned_trimmed.fas	210847	211237	391	37	19	391	0
3240at3041_aligned_trimmed.fas	211238	211667	430	34	186	398	32
4072at3041_aligned_trimmed.fas	211668	211897	230	37	49	214	15
8641at3041_aligned_trimmed.fas	211898	212129	232	38	103	223	9
2837at3041_aligned_trimmed.fas	212130	212549	420	33	165	374	44
1670at3041_aligned_trimmed.fas	212550	212924	375	34	155	285	87
8173at3041_aligned_trimmed.fas	212925	213103	179	37	106	170	7
6225at3041_aligned_trimmed.fas	213104	213355	252	39	87	221	29
4667at3041_aligned_trimmed.fas	213356	213580	225	40	109	218	7
6517at3041_aligned_trimmed.fas	213581	213803	223	39	64	169	49
5988at3041_aligned_trimmed.fas	213804	214003	200	37	91	178	22
4155at3041_aligned_trimmed.fas	214004	214202	199	39	79	186	11
8714at3041_aligned_trimmed.fas	214203	214328	126	38	42	94	30
4956at3041_aligned_trimmed.fas	214329	214649	321	39	112	267	51
11392at3041_aligned_trimmed.fas	214650	214771	122	41	31	89	33
7738at3041_aligned_trimmed.fas	214772	215123	352	36	103	333	17
2390at3041_aligned_trimmed.fas	215124	215600	477	39	109	435	39
4864at3041_aligned_trimmed.fas	215601	215868	268	38	77	259	9
11078at3041_aligned_trimmed.fas	215869	215997	129	33	38	121	8
1742at3041_aligned_trimmed.fas	215998	216422	425	37	67	388	35
6181at3041_aligned_trimmed.fas	216423	216680	258	39	91	224	34
7776at3041_aligned_trimmed.fas	216681	216896	216	35	94	188	28
6570at3041_aligned_trimmed.fas	216897	217106	210	15	74	188	22
9184at3041_aligned_trimmed.fas	217107	217275	169	39	85	159	9
5474at3041_aligned_trimmed.fas	217276	217554	279	32	89	245	33
4943at3041_aligned_trimmed.fas	217555	217859	305	38	72	280	24
4140at3041_aligned_trimmed.fas	217860	218165	306	14	166	294	11
10181at3041_aligned_trimmed.fas	218166	218309	144	41	65	117	27
5886at3041_aligned_trimmed.fas	218310	218605	296	38	98	256	38
11776at3041_aligned_trimmed.fas	218606	218768	163	37	55	131	30
9452at3041_aligned_trimmed.fas	218769	218903	135	37	53	126	9
5213at3041_aligned_trimmed.fas	218904	219142	239	39	68	237	2
6381at3041_aligned_trimmed.fas	219143	219375	233	34	99	183	48
3903at3041_aligned_trimmed.fas	219376	219702	327	40	61	314	11
1459at3041_aligned_trimmed.fas	219703	220189	487	38	46	472	13
6625at3041_aligned_trimmed.fas	220190	220366	177	41	57	167	10
4267at3041_aligned_trimmed.fas	220367	220769	403	34	135	382	21
7423at3041_aligned_trimmed.fas	220770	220937	168	38	24	167	1
3396at3041_aligned_trimmed.fas	220938	221222	285	37	129	247	38
12555at3041_aligned_trimmed.fas	221223	221355	133	31	50	125	8
5108at3041_aligned_trimmed.fas	221356	221755	400	40	84	387	12
1094at3041_aligned_trimmed.fas	221756	222509	754	39	18	753	1
9749at3041_aligned_trimmed.fas	222510	222740	231	37	110	211	20
3069at3041_aligned_trimmed.fas	222741	223209	469	36	115	439	22
4083at3041_aligned_trimmed.fas	223210	223453	244	36	50	196	48
3583at3041_aligned_trimmed.fas	223454	223758	305	35	141	265	38
5285at3041_aligned_trimmed.fas	223759	224059	301	35	103	274	27
4405at3041_aligned_trimmed.fas	224060	224352	293	32	142	270	22
1684at3041_aligned_trimmed.fas	224353	224740	388	34	46	387	1
9042at3041_aligned_trimmed.fas	224741	224919	179	38	75	149	30
7468at3041_aligned_trimmed.fas	224920	225104	185	31	44	164	21
6009at3041_aligned_trimmed.fas	225105	225517	413	29	113	404	9
4262at3041_aligned_trimmed.fas	225518	225790	273	17	132	202	65
1320at3041_aligned_trimmed.fas	225791	226237	447	31	148	381	65
3050at3041_aligned_trimmed.fas	226238	226571	334	35	114	330	4
5064at3041_aligned_trimmed.fas	226572	227358	787	31	69	774	13
4693at3041_aligned_trimmed.fas	227359	227695	337	37	125	320	17
4550at3041_aligned_trimmed.fas	227696	227973	278	32	106	197	80
3022at3041_aligned_trimmed.fas	227974	228397	424	39	50	419	5
8451at3041_aligned_trimmed.fas	228398	228534	137	20	12	59	77
7366at3041_aligned_trimmed.fas	228535	228704	170	32	18	167	3
4439at3041_aligned_trimmed.fas	228705	228938	234	39	38	184	48
4086at3041_aligned_trimmed.fas	228939	229216	278	41	78	261	16
5058at3041_aligned_trimmed.fas	229217	229402	186	39	89	151	33
5280at3041_aligned_trimmed.fas	229403	229654	252	38	104	222	30
3974at3041_aligned_trimmed.fas	229655	229912	258	39	30	221	35
1535at3041_aligned_trimmed.fas	229913	230267	355	38	122	321	33
6836at3041_aligned_trimmed.fas	230268	230440	173	41	72	135	38
2855at3041_aligned_trimmed.fas	230441	230843	403	28	174	329	72
2395at3041_aligned_trimmed.fas	230844	231137	294	35	41	149	139
3562at3041_aligned_trimmed.fas	231138	231427	290	38	30	288	2
8623at3041_aligned_trimmed.fas	231428	231646	219	35	71	203	16
1709at3041_aligned_trimmed.fas	231647	232041	395	38	21	379	16
7114at3041_aligned_trimmed.fas	232042	232338	297	37	132	277	19
992at3041_aligned_trimmed.fas	232339	232760	422	35	124	321	100
4605at3041_aligned_trimmed.fas	232761	233111	351	33	114	285	65
6987at3041_aligned_trimmed.fas	233112	233284	173	37	53	155	16
9982at3041_aligned_trimmed.fas	233285	233468	184	36	67	158	25
11842at3041_aligned_trimmed.fas	233469	233529	61	21	18	32	29
1804at3041_aligned_trimmed.fas	233530	233969	440	33	77	306	131
10184at3041_aligned_trimmed.fas	233970	234121	152	35	43	132	19
5080at3041_aligned_trimmed.fas	234122	234366	245	36	91	203	38
5343at3041_aligned_trimmed.fas	234367	234711	345	35	105	330	15
7128at3041_aligned_trimmed.fas	234712	234870	159	39	52	109	49
2869at3041_aligned_trimmed.fas	234871	235149	279	33	119	262	16
784at3041_aligned_trimmed.fas	235150	235598	449	37	30	387	61
3222at3041_aligned_trimmed.fas	235599	235706	108	39	17	98	9
8592at3041_aligned_trimmed.fas	235707	235971	265	40	114	255	10
4813at3041_aligned_trimmed.fas	235972	236253	282	33	56	263	19
7965at3041_aligned_trimmed.fas	236254	236529	276	33	129	250	26
4122at3041_aligned_trimmed.fas	236530	236890	361	36	48	351	10
7397at3041_aligned_trimmed.fas	236891	237183	293	38	29	287	6
1863at3041_aligned_trimmed.fas	237184	237684	501	38	17	498	3
8289at3041_aligned_trimmed.fas	237685	237849	165	40	70	148	17
10409at3041_aligned_trimmed.fas	237850	238030	181	36	37	171	10
5458at3041_aligned_trimmed.fas	238031	238431	401	31	176	390	11
11068at3041_aligned_trimmed.fas	238432	238752	321	34	78	303	17
7633at3041_aligned_trimmed.fas	238753	239003	251	33	62	251	0
5543at3041_aligned_trimmed.fas	239004	239287	284	33	119	258	25
2043at3041_aligned_trimmed.fas	239288	239612	325	37	73	227	95
7902at3041_aligned_trimmed.fas	239613	239880	268	38	103	259	7
7101at3041_aligned_trimmed.fas	239881	240063	183	41	59	151	32
8644at3041_aligned_trimmed.fas	240064	240199	136	38	49	98	37
5531at3041_aligned_trimmed.fas	240200	240454	255	36	72	188	65
2618at3041_aligned_trimmed.fas	240455	240576	122	40	14	122	0
6375at3041_aligned_trimmed.fas	240577	240737	161	40	58	153	8
5095at3041_aligned_trimmed.fas	240738	241070	333	39	129	285	48
1720at3041_aligned_trimmed.fas	241071	241489	419	39	35	413	6
10175at3041_aligned_trimmed.fas	241490	241766	277	39	85	268	9
2358at3041_aligned_trimmed.fas	241767	242108	342	37	7	337	5
9901at3041_aligned_trimmed.fas	242109	242349	241	40	64	222	17
2983at3041_aligned_trimmed.fas	242350	242681	332	33	109	284	47
4322at3041_aligned_trimmed.fas	242682	242950	269	38	45	254	15
7254at3041_aligned_trimmed.fas	242951	243146	196	36	90	184	12
4410at3041_aligned_trimmed.fas	243147	243479	333	19	79	304	29
8991at3041_aligned_trimmed.fas	243480	243638	159	41	23	158	1
6851at3041_aligned_trimmed.fas	243639	243806	168	37	63	150	17
1691at3041_aligned_trimmed.fas	243807	244165	359	32	160	263	94
652at3041_aligned_trimmed.fas	244166	244856	691	25	167	641	49
4188at3041_aligned_trimmed.fas	244857	245147	291	35	119	212	77
3079at3041_aligned_trimmed.fas	245148	245526	379	17	107	322	55
8787at3041_aligned_trimmed.fas	245527	245648	122	37	54	109	12
9170at3041_aligned_trimmed.fas	245649	245838	190	41	39	186	4
2231at3041_aligned_trimmed.fas	245839	246257	419	41	11	419	0
9759at3041_aligned_trimmed.fas	246258	246408	151	36	60	146	5
1084at3041_aligned_trimmed.fas	246409	246772	364	38	59	315	46
7268at3041_aligned_trimmed.fas	246773	247201	429	40	78	419	10
1475at3041_aligned_trimmed.fas	247202	247580	379	35	110	359	20
5555at3041_aligned_trimmed.fas	247581	247925	345	39	95	328	17
8620at3041_aligned_trimmed.fas	247926	248200	275	38	131	256	19
7914at3041_aligned_trimmed.fas	248201	248407	207	37	79	185	22
6423at3041_aligned_trimmed.fas	248408	248775	368	35	93	330	36
5267at3041_aligned_trimmed.fas	248776	249138	363	35	154	314	49
9426at3041_aligned_trimmed.fas	249139	249264	126	38	63	118	6
3306at3041_aligned_trimmed.fas	249265	249738	474	29	258	431	43
8047at3041_aligned_trimmed.fas	249739	249963	225	38	103	200	25
8844at3041_aligned_trimmed.fas	249964	250395	432	33	108	407	24
4606at3041_aligned_trimmed.fas	250396	250665	270	37	46	246	24
8384at3041_aligned_trimmed.fas	250666	250809	144	42	11	138	6
6187at3041_aligned_trimmed.fas	250810	251067	258	43	15	255	3
3434at3041_aligned_trimmed.fas	251068	251313	246	40	115	227	19
2903at3041_aligned_trimmed.fas	251314	251648	335	38	35	333	2
4134at3041_aligned_trimmed.fas	251649	252039	391	36	135	360	31
4937at3041_aligned_trimmed.fas	252040	252745	706	36	43	703	3
2971at3041_aligned_trimmed.fas	252746	253045	300	36	66	226	72
3446at3041_aligned_trimmed.fas	253046	253276	231	40	93	218	13
4146at3041_aligned_trimmed.fas	253277	253564	288	38	78	269	19
4945at3041_aligned_trimmed.fas	253565	253809	245	38	82	228	16
5472at3041_aligned_trimmed.fas	253810	254272	463	38	13	460	3
6504at3041_aligned_trimmed.fas	254273	254465	193	39	65	193	0
7030at3041_aligned_trimmed.fas	254466	254661	196	36	63	167	29
2583at3041_aligned_trimmed.fas	254662	255095	434	38	124	407	27
11770at3041_aligned_trimmed.fas	255096	255316	221	41	117	210	9
8836at3041_aligned_trimmed.fas	255317	255547	231	42	132	221	10
2069at3041_aligned_trimmed.fas	255548	255913	366	40	76	346	20
6689at3041_aligned_trimmed.fas	255914	256120	207	43	40	199	8
3408at3041_aligned_trimmed.fas	256121	256581	461	24	196	399	60
1952at3041_aligned_trimmed.fas	256582	256947	366	29	131	291	73
3106at3041_aligned_trimmed.fas	256948	257264	317	27	87	250	65
11502at3041_aligned_trimmed.fas	257265	257444	180	38	69	167	13
8987at3041_aligned_trimmed.fas	257445	257589	145	42	78	129	16
6847at3041_aligned_trimmed.fas	257590	257846	257	36	41	246	11
7570at3041_aligned_trimmed.fas	257847	258000	154	41	40	117	37
9668at3041_aligned_trimmed.fas	258001	258156	156	37	39	129	27
8420at3041_aligned_trimmed.fas	258157	258299	143	37	16	143	0
5496at3041_aligned_trimmed.fas	258300	258621	322	35	40	319	3
6623at3041_aligned_trimmed.fas	258622	258789	168	35	17	135	33
4553at3041_aligned_trimmed.fas	258790	258964	175	35	80	146	26
11457at3041_aligned_trimmed.fas	258965	259076	112	38	50	105	7
4690at3041_aligned_trimmed.fas	259077	259364	288	39	87	264	24
10960at3041_aligned_trimmed.fas	259365	259496	132	40	67	114	18
6738at3041_aligned_trimmed.fas	259497	259674	178	41	64	168	9
6111at3041_aligned_trimmed.fas	259675	259907	233	33	98	212	20
12521at3041_aligned_trimmed.fas	259908	260104	197	29	112	188	9
10111at3041_aligned_trimmed.fas	260105	260202	98	36	12	64	34
6489at3041_aligned_trimmed.fas	260203	260580	378	26	142	335	40
4308at3041_aligned_trimmed.fas	260581	260791	211	40	28	133	78
7794at3041_aligned_trimmed.fas	260792	260970	179	31	99	166	11
11317at3041_aligned_trimmed.fas	260971	261232	262	36	52	262	0
1891at3041_aligned_trimmed.fas	261233	261717	485	41	26	475	10
6651at3041_aligned_trimmed.fas	261718	261856	139	35	60	114	23
3646at3041_aligned_trimmed.fas	261857	262147	291	36	131	260	31
6704at3041_aligned_trimmed.fas	262148	262751	604	37	10	604	0
5398at3041_aligned_trimmed.fas	262752	263002	251	34	96	202	49
3977at3041_aligned_trimmed.fas	263003	263295	293	40	67	284	9
10044at3041_aligned_trimmed.fas	263296	263427	132	37	37	108	20
2269at3041_aligned_trimmed.fas	263428	264101	674	33	118	671	3
9101at3041_aligned_trimmed.fas	264102	264318	217	38	74	208	7
3621at3041_aligned_trimmed.fas	264319	264592	274	38	85	199	73
12893at3041_aligned_trimmed.fas	264593	264693	101	25	49	90	11
8191at3041_aligned_trimmed.fas	264694	265010	317	37	70	316	1
2367at3041_aligned_trimmed.fas	265011	265670	660	33	208	644	15
1211at3041_aligned_trimmed.fas	265671	266078	408	39	48	354	52
3706at3041_aligned_trimmed.fas	266079	266357	279	36	95	260	19
3034at3041_aligned_trimmed.fas	266358	266999	642	33	113	624	18
7781at3041_aligned_trimmed.fas	267000	267176	177	37	11	167	10
12685at3041_aligned_trimmed.fas	267177	267238	62	38	23	43	19
1476at3041_aligned_trimmed.fas	267239	267681	443	33	58	392	49
9197at3041_aligned_trimmed.fas	267682	267821	140	42	62	119	20
5415at3041_aligned_trimmed.fas	267822	268239	418	32	159	405	12
4708at3041_aligned_trimmed.fas	268240	268512	273	27	107	194	75
3208at3041_aligned_trimmed.fas	268513	268827	315	28	134	271	43
5327at3041_aligned_trimmed.fas	268828	268984	157	41	60	139	16
8052at3041_aligned_trimmed.fas	268985	269185	201	38	89	176	24
6192at3041_aligned_trimmed.fas	269186	269340	155	37	43	107	46
6991at3041_aligned_trimmed.fas	269341	269903	563	36	120	553	10
8904at3041_aligned_trimmed.fas	269904	270079	176	41	79	161	15
2298at3041_aligned_trimmed.fas	270080	270426	347	36	90	312	33
2843at3041_aligned_trimmed.fas	270427	270573	147	40	23	147	0
4074at3041_aligned_trimmed.fas	270574	270785	212	36	38	202	10
2831at3041_aligned_trimmed.fas	270786	271194	409	33	63	394	15
7868at3041_aligned_trimmed.fas	271195	271760	566	38	20	561	5
4734at3041_aligned_trimmed.fas	271761	271963	203	39	76	176	27
7642at3041_aligned_trimmed.fas	271964	272181	218	37	97	185	30
5429at3041_aligned_trimmed.fas	272182	272448	267	37	77	179	84
7025at3041_aligned_trimmed.fas	272449	273295	847	35	33	841	6
7826at3041_aligned_trimmed.fas	273296	273536	241	37	138	220	21
3954at3041_aligned_trimmed.fas	273537	274028	492	33	90	469	22
7308at3041_aligned_trimmed.fas	274029	274280	252	38	59	237	14
2463at3041_aligned_trimmed.fas	274281	274744	464	31	200	410	53
10067at3041_aligned_trimmed.fas	274745	274887	143	34	67	127	14
5163at3041_aligned_trimmed.fas	274888	275196	309	34	142	270	36
4419at3041_aligned_trimmed.fas	275197	275460	264	40	92	208	54
3119at3041_aligned_trimmed.fas	275461	276021	561	40	17	561	0
4230at3041_aligned_trimmed.fas	276022	276258	237	36	40	183	53
9946at3041_aligned_trimmed.fas	276259	276552	294	17	93	273	21
5835at3041_aligned_trimmed.fas	276553	276838	286	40	83	272	12
4899at3041_aligned_trimmed.fas	276839	277191	353	39	99	337	16
5387at3041_aligned_trimmed.fas	277192	277442	251	28	125	202	48
8331at3041_aligned_trimmed.fas	277443	277675	233	32	123	223	10
5044at3041_aligned_trimmed.fas	277676	277938	263	38	68	247	16
2544at3041_aligned_trimmed.fas	277939	278324	386	40	119	338	47
2687at3041_aligned_trimmed.fas	278325	278609	285	39	37	283	2
7334at3041_aligned_trimmed.fas	278610	278824	215	33	63	182	32
1529at3041_aligned_trimmed.fas	278825	279319	495	42	11	494	1
4242at3041_aligned_trimmed.fas	279320	279616	297	36	45	261	35
9588at3041_aligned_trimmed.fas	279617	279711	95	36	37	76	18
7448at3041_aligned_trimmed.fas	279712	279864	153	39	55	132	19
4317at3041_aligned_trimmed.fas	279865	280078	214	34	69	172	41
5738at3041_aligned_trimmed.fas	280079	280731	653	36	17	650	3
11308at3041_aligned_trimmed.fas	280732	280854	123	39	46	107	14
9493at3041_aligned_trimmed.fas	280855	281094	240	39	101	221	18
4619at3041_aligned_trimmed.fas	281095	281657	563	38	120	543	18
6198at3041_aligned_trimmed.fas	281658	281805	148	37	43	136	12
6880at3041_aligned_trimmed.fas	281806	281992	187	40	89	155	31
5236at3041_aligned_trimmed.fas	281993	282102	110	42	63	103	7
3202at3041_aligned_trimmed.fas	282103	282675	573	38	117	536	35
1715at3041_aligned_trimmed.fas	282676	283008	333	39	108	262	69
7013at3041_aligned_trimmed.fas	283009	283199	191	38	57	143	48
5278at3041_aligned_trimmed.fas	283200	283477	278	38	121	261	17
9210at3041_aligned_trimmed.fas	283478	283656	179	40	92	167	12
9788at3041_aligned_trimmed.fas	283657	283789	133	29	52	114	19
7648at3041_aligned_trimmed.fas	283790	284013	224	38	111	209	15
5423at3041_aligned_trimmed.fas	284014	284438	425	29	158	413	12
9379at3041_aligned_trimmed.fas	284439	284845	407	36	35	390	16
9693at3041_aligned_trimmed.fas	284846	284980	135	40	45	98	37
8718at3041_aligned_trimmed.fas	284981	285137	157	33	51	123	31
10198at3041_aligned_trimmed.fas	285138	285302	165	37	47	147	18
4381at3041_aligned_trimmed.fas	285303	285991	689	40	35	645	40
4759at3041_aligned_trimmed.fas	285992	286195	204	37	68	167	36
1032at3041_aligned_trimmed.fas	286196	286474	279	39	19	232	46
5444at3041_aligned_trimmed.fas	286475	286668	194	39	51	186	8
1700at3041_aligned_trimmed.fas	286669	287115	447	35	157	421	25
6355at3041_aligned_trimmed.fas	287116	287423	308	17	148	260	46
2909at3041_aligned_trimmed.fas	287424	287857	434	34	221	398	33
7661at3041_aligned_trimmed.fas	287858	288044	187	37	57	151	34
1596at3041_aligned_trimmed.fas	288045	288476	432	34	153	367	61
3217at3041_aligned_trimmed.fas	288477	288914	438	32	182	419	19
5338at3041_aligned_trimmed.fas	288915	289157	243	38	41	234	8
7922at3041_aligned_trimmed.fas	289158	289325	168	38	66	159	8
4057at3041_aligned_trimmed.fas	289326	289689	364	35	61	359	5
5563at3041_aligned_trimmed.fas	289690	289950	261	37	57	256	5
11048at3041_aligned_trimmed.fas	289951	290065	115	39	48	91	23
1772at3041_aligned_trimmed.fas	290066	290441	376	38	107	331	45
5304at3041_aligned_trimmed.fas	290442	290653	212	39	49	140	67
4630at3041_aligned_trimmed.fas	290654	290968	315	40	100	296	16
4102at3041_aligned_trimmed.fas	290969	291284	316	39	69	295	20
9277at3041_aligned_trimmed.fas	291285	291406	122	38	42	100	21
7461at3041_aligned_trimmed.fas	291407	291570	164	37	51	145	18
2523at3041_aligned_trimmed.fas	291571	291837	267	38	95	208	56
7248at3041_aligned_trimmed.fas	291838	292044	207	38	51	186	20
7353at3041_aligned_trimmed.fas	292045	292152	108	42	52	106	2
8318at3041_aligned_trimmed.fas	292153	292309	157	38	34	79	76
9005at3041_aligned_trimmed.fas	292310	292650	341	37	27	338	3
5644at3041_aligned_trimmed.fas	292651	292981	331	40	112	317	14
6629at3041_aligned_trimmed.fas	292982	293199	218	38	47	190	27
6072at3041_aligned_trimmed.fas	293200	293396	197	38	98	158	37
2404at3041_aligned_trimmed.fas	293397	294020	624	34	94	612	10
1183at3041_aligned_trimmed.fas	294021	294643	623	39	89	616	7
7274at3041_aligned_trimmed.fas	294644	294855	212	37	106	194	16
4302at3041_aligned_trimmed.fas	294856	295153	298	31	87	293	5
9077at3041_aligned_trimmed.fas	295154	295288	135	41	20	92	41
4257at3041_aligned_trimmed.fas	295289	295952	664	36	163	631	31
10667at3041_aligned_trimmed.fas	295953	296286	334	39	39	334	0
4194at3041_aligned_trimmed.fas	296287	296400	114	20	29	107	7
4997at3041_aligned_trimmed.fas	296401	296601	201	36	84	172	28
3428at3041_aligned_trimmed.fas	296602	296837	236	36	95	195	37
1643at3041_aligned_trimmed.fas	296838	297309	472	38	49	462	10
11750at3041_aligned_trimmed.fas	297310	297449	140	39	51	128	12
8727at3041_aligned_trimmed.fas	297450	297579	130	40	63	122	8
2152at3041_aligned_trimmed.fas	297580	297919	340	38	119	318	21
1056at3041_aligned_trimmed.fas	297920	298394	475	41	17	463	12
7062at3041_aligned_trimmed.fas	298395	298659	265	35	81	231	34
5420at3041_aligned_trimmed.fas	298660	299009	350	37	157	335	15
9261at3041_aligned_trimmed.fas	299010	299274	265	39	85	241	23
7588at3041_aligned_trimmed.fas	299275	299514	240	19	84	199	38
416at3041_aligned_trimmed.fas	299515	299984	470	37	20	449	20
4299at3041_aligned_trimmed.fas	299985	300222	238	34	73	181	57
6403at3041_aligned_trimmed.fas	300223	300488	266	19	52	258	8
2876at3041_aligned_trimmed.fas	300489	300919	431	38	50	426	5
11693at3041_aligned_trimmed.fas	300920	301067	148	41	27	128	20
4797at3041_aligned_trimmed.fas	301068	301309	242	38	58	227	15
5963at3041_aligned_trimmed.fas	301310	301653	344	38	126	337	7
3297at3041_aligned_trimmed.fas	301654	302032	379	37	55	378	1
3733at3041_aligned_trimmed.fas	302033	302367	335	34	90	309	24
11337at3041_aligned_trimmed.fas	302368	302435	68	35	18	67	1
6940at3041_aligned_trimmed.fas	302436	302641	206	38	84	198	8
731at3041_aligned_trimmed.fas	302642	303266	625	30	215	544	78
3802at3041_aligned_trimmed.fas	303267	303594	328	35	104	297	31
5035at3041_aligned_trimmed.fas	303595	303937	343	37	118	311	30
3870at3041_aligned_trimmed.fas	303938	304232	295	34	84	247	47
6718at3041_aligned_trimmed.fas	304233	304397	165	36	70	149	16
2547at3041_aligned_trimmed.fas	304398	304759	362	34	102	331	31
5047at3041_aligned_trimmed.fas	304760	304937	178	34	46	118	59
4573at3041_aligned_trimmed.fas	304938	305202	265	39	106	234	29
8229at3041_aligned_trimmed.fas	305203	305377	175	39	67	164	10
1303at3041_aligned_trimmed.fas	305378	305900	523	42	22	494	29
9134at3041_aligned_trimmed.fas	305901	306233	333	40	26	329	4
1195at3041_aligned_trimmed.fas	306234	306650	417	40	46	414	1
1256at3041_aligned_trimmed.fas	306651	307087	437	34	74	416	21
10724at3041_aligned_trimmed.fas	307088	307211	124	37	52	116	8
3614at3041_aligned_trimmed.fas	307212	307493	282	39	109	251	30
9753at3041_aligned_trimmed.fas	307494	307738	245	39	47	239	5
5911at3041_aligned_trimmed.fas	307739	308012	274	38	109	268	5
7462at3041_aligned_trimmed.fas	308013	308191	179	33	83	135	44
6156at3041_aligned_trimmed.fas	308192	308369	178	38	79	135	41
13052at3041_aligned_trimmed.fas	308370	308475	106	37	38	98	8
8895at3041_aligned_trimmed.fas	308476	308659	184	38	54	175	9
5020at3041_aligned_trimmed.fas	308660	308916	257	36	56	177	79
4514at3041_aligned_trimmed.fas	308917	309129	213	34	77	194	18
11322at3041_aligned_trimmed.fas	309130	309266	137	39	53	127	10
7579at3041_aligned_trimmed.fas	309267	309486	220	35	92	208	11
7205at3041_aligned_trimmed.fas	309487	309677	191	40	19	182	9
3673at3041_aligned_trimmed.fas	309678	310247	570	38	43	565	5
1418at3041_aligned_trimmed.fas	310248	310811	564	39	20	560	4
6003at3041_aligned_trimmed.fas	310812	311032	221	39	68	215	6
1503at3041_aligned_trimmed.fas	311033	311562	530	38	80	505	25
11545at3041_aligned_trimmed.fas	311563	311931	369	38	67	364	5
7686at3041_aligned_trimmed.fas	311932	312134	203	39	69	183	20
7545at3041_aligned_trimmed.fas	312135	312305	171	38	64	155	16
3133at3041_aligned_trimmed.fas	312306	312605	300	39	35	296	3
5107at3041_aligned_trimmed.fas	312606	312740	135	39	46	94	41
3028at3041_aligned_trimmed.fas	312741	313046	306	37	106	266	40
10118at3041_aligned_trimmed.fas	313047	313144	98	42	55	88	10
5635at3041_aligned_trimmed.fas	313145	313377	233	27	102	214	18
1316at3041_aligned_trimmed.fas	313378	313809	432	31	186	405	26
8415at3041_aligned_trimmed.fas	313810	313982	173	40	27	161	11
4566at3041_aligned_trimmed.fas	313983	314225	243	39	127	207	33
8327at3041_aligned_trimmed.fas	314226	314369	144	35	66	116	27
9613at3041_aligned_trimmed.fas	314370	314469	100	40	47	80	20
10156at3041_aligned_trimmed.fas	314470	314577	108	37	50	90	18
8629at3041_aligned_trimmed.fas	314578	314779	202	39	47	196	6
8000at3041_aligned_trimmed.fas	314780	314889	110	41	20	59	49
5409at3041_aligned_trimmed.fas	314890	315093	204	39	67	166	37
6896at3041_aligned_trimmed.fas	315094	315350	257	38	79	229	27
524at3041_aligned_trimmed.fas	315351	315919	569	33	218	536	31
8296at3041_aligned_trimmed.fas	315920	316129	210	38	13	192	16
7388at3041_aligned_trimmed.fas	316130	316438	309	39	65	303	5
2720at3041_aligned_trimmed.fas	316439	316706	268	34	93	218	49
7848at3041_aligned_trimmed.fas	316707	316937	231	40	80	208	22
1967at3041_aligned_trimmed.fas	316938	317405	468	33	232	420	46
4825at3041_aligned_trimmed.fas	317406	317596	191	39	55	173	18
5512at3041_aligned_trimmed.fas	317597	317855	259	37	126	239	19
1116at3041_aligned_trimmed.fas	317856	318578	723	34	11	723	0
9508at3041_aligned_trimmed.fas	318579	318711	133	41	32	108	24
3554at3041_aligned_trimmed.fas	318712	318881	170	36	30	87	81
3697at3041_aligned_trimmed.fas	318882	319153	272	38	58	253	19
2863at3041_aligned_trimmed.fas	319154	319475	322	38	124	298	23
3333at3041_aligned_trimmed.fas	319476	319842	367	35	146	328	37
4633at3041_aligned_trimmed.fas	319843	320129	287	35	20	282	5
8871at3041_aligned_trimmed.fas	320130	320298	169	15	102	154	14
4728at3041_aligned_trimmed.fas	320299	320557	259	39	65	204	54
2936at3041_aligned_trimmed.fas	320558	320872	315	33	87	273	39
4101at3041_aligned_trimmed.fas	320873	321308	436	38	23	436	0
2941at3041_aligned_trimmed.fas	321309	321700	392	38	125	363	28
2281at3041_aligned_trimmed.fas	321701	322034	334	35	38	304	30
4975at3041_aligned_trimmed.fas	322035	322420	386	38	126	371	15
346at3041_aligned_trimmed.fas	322421	323626	1206	31	182	1180	26
2670at3041_aligned_trimmed.fas	323627	323971	345	37	79	311	34
1590at3041_aligned_trimmed.fas	323972	324625	654	30	157	635	18
3438at3041_aligned_trimmed.fas	324626	324934	309	16	151	289	19
4023at3041_aligned_trimmed.fas	324935	325136	202	38	64	172	29
8662at3041_aligned_trimmed.fas	325137	325425	289	39	59	275	14
7956at3041_aligned_trimmed.fas	325426	325606	181	36	76	146	34
11296at3041_aligned_trimmed.fas	325607	325827	221	37	129	202	19
3692at3041_aligned_trimmed.fas	325828	326139	312	30	112	250	59
4763at3041_aligned_trimmed.fas	326140	326646	507	34	86	500	6
4289at3041_aligned_trimmed.fas	326647	326868	222	37	9	109	109
1621at3041_aligned_trimmed.fas	326869	327264	396	34	62	378	17
2130at3041_aligned_trimmed.fas	327265	327604	340	39	105	263	73
5430at3041_aligned_trimmed.fas	327605	327834	230	36	47	192	36
11803at3041_aligned_trimmed.fas	327835	327911	77	37	39	67	9
7072at3041_aligned_trimmed.fas	327912	328119	208	39	96	200	8
1385at3041_aligned_trimmed.fas	328120	328670	551	29	140	513	36
4511at3041_aligned_trimmed.fas	328671	328913	243	36	107	230	13
6290at3041_aligned_trimmed.fas	328914	329118	205	39	91	169	36
4376at3041_aligned_trimmed.fas	329119	329314	196	37	38	183	13
6734at3041_aligned_trimmed.fas	329315	329652	338	36	155	312	24
3144at3041_aligned_trimmed.fas	329653	330067	415	36	185	377	37
2470at3041_aligned_trimmed.fas	330068	330538	471	39	28	468	2
5102at3041_aligned_trimmed.fas	330539	330792	254	35	146	237	16
6074at3041_aligned_trimmed.fas	330793	331009	217	40	85	188	27
1574at3041_aligned_trimmed.fas	331010	331430	421	35	64	377	44
9927at3041_aligned_trimmed.fas	331431	331612	182	41	59	174	8
3178at3041_aligned_trimmed.fas	331613	331895	283	33	110	247	34
4563at3041_aligned_trimmed.fas	331896	332166	271	35	127	244	27
5057at3041_aligned_trimmed.fas	332167	332357	191	38	63	141	50
2694at3041_aligned_trimmed.fas	332358	332694	337	34	82	256	76
10061at3041_aligned_trimmed.fas	332695	332795	101	36	31	94	7
6013at3041_aligned_trimmed.fas	332796	333087	292	37	39	284	8
5657at3041_aligned_trimmed.fas	333088	333305	218	35	60	204	13
5594at3041_aligned_trimmed.fas	333306	333546	241	39	107	226	15
6721at3041_aligned_trimmed.fas	333547	333695	149	37	56	128	21
5702at3041_aligned_trimmed.fas	333696	333875	180	37	76	148	30
6146at3041_aligned_trimmed.fas	333876	334124	249	39	85	242	6
1434at3041_aligned_trimmed.fas	334125	334604	480	25	146	438	41
4984at3041_aligned_trimmed.fas	334605	334874	270	38	108	205	62
8379at3041_aligned_trimmed.fas	334875	335523	649	20	128	629	20
6490at3041_aligned_trimmed.fas	335524	335731	208	38	89	168	37
1348at3041_aligned_trimmed.fas	335732	336138	407	38	63	349	56
4423at3041_aligned_trimmed.fas	336139	336452	314	40	115	244	68
3123at3041_aligned_trimmed.fas	336453	336734	282	36	20	282	0
7769at3041_aligned_trimmed.fas	336735	337012	278	37	110	239	37
5502at3041_aligned_trimmed.fas	337013	337493	481	22	142	441	40
4835at3041_aligned_trimmed.fas	337494	337708	215	41	50	120	94
7398at3041_aligned_trimmed.fas	337709	337902	194	40	73	171	22
8145at3041_aligned_trimmed.fas	337903	338014	112	36	49	94	18
10334at3041_aligned_trimmed.fas	338015	338210	196	39	71	189	7
5230at3041_aligned_trimmed.fas	338211	338403	193	40	23	177	14
7672at3041_aligned_trimmed.fas	338404	338735	332	39	49	321	11
8010at3041_aligned_trimmed.fas	338736	338909	174	37	89	161	13
5794at3041_aligned_trimmed.fas	338910	339176	267	36	136	237	30
2954at3041_aligned_trimmed.fas	339177	339471	295	38	99	267	26
6521at3041_aligned_trimmed.fas	339472	339792	321	40	94	301	19
3411at3041_aligned_trimmed.fas	339793	340596	804	35	6	804	0
7067at3041_aligned_trimmed.fas	340597	340883	287	39	109	268	17
5317at3041_aligned_trimmed.fas	340884	341229	346	38	105	315	31
1148at3041_aligned_trimmed.fas	341230	341636	407	36	20	251	155
3323at3041_aligned_trimmed.fas	341637	341865	229	37	88	157	71
6448at3041_aligned_trimmed.fas	341866	342170	305	38	23	289	16
1761at3041_aligned_trimmed.fas	342171	342564	394	36	100	335	57
6261at3041_aligned_trimmed.fas	342565	342851	287	32	128	233	54
9403at3041_aligned_trimmed.fas	342852	343588	737	32	155	726	11
5982at3041_aligned_trimmed.fas	343589	343755	167	39	34	149	17
6334at3041_aligned_trimmed.fas	343756	343931	176	37	78	141	34
3687at3041_aligned_trimmed.fas	343932	344379	448	35	77	418	28
4847at3041_aligned_trimmed.fas	344380	344675	296	40	55	273	22
9331at3041_aligned_trimmed.fas	344676	344839	164	41	82	136	26
7132at3041_aligned_trimmed.fas	344840	344980	141	37	53	100	39
3012at3041_aligned_trimmed.fas	344981	345305	325	39	96	255	70
10122at3041_aligned_trimmed.fas	345306	345601	296	37	112	267	26
5825at3041_aligned_trimmed.fas	345602	345962	361	33	168	335	22
12560at3041_aligned_trimmed.fas	345963	346141	179	12	76	160	19
8248at3041_aligned_trimmed.fas	346142	346316	175	39	91	151	23
10039at3041_aligned_trimmed.fas	346317	346451	135	37	52	109	25
8206at3041_aligned_trimmed.fas	346452	346648	197	41	68	174	22
6005at3041_aligned_trimmed.fas	346649	346840	192	34	76	176	16
8274at3041_aligned_trimmed.fas	346841	347066	226	40	50	216	10
9169at3041_aligned_trimmed.fas	347067	347354	288	39	9	288	0
2228at3041_aligned_trimmed.fas	347355	347652	298	41	88	251	43
1985at3041_aligned_trimmed.fas	347653	348025	373	35	62	352	19
5766at3041_aligned_trimmed.fas	348026	348375	350	36	53	344	6
10388at3041_aligned_trimmed.fas	348376	348481	106	38	31	86	18
10293at3041_aligned_trimmed.fas	348482	348603	122	37	46	110	12
10545at3041_aligned_trimmed.fas	348604	348742	139	38	49	124	13
11071at3041_aligned_trimmed.fas	348743	348866	124	39	53	104	19
2282at3041_aligned_trimmed.fas	348867	349223	357	34	26	355	2
7118at3041_aligned_trimmed.fas	349224	349780	557	36	112	541	16
9467at3041_aligned_trimmed.fas	349781	349946	166	39	70	141	25
1593at3041_aligned_trimmed.fas	349947	350332	386	36	33	312	71
2014at3041_aligned_trimmed.fas	350333	350797	465	35	100	457	8
12851at3041_aligned_trimmed.fas	350798	350864	67	40	36	54	13
7955at3041_aligned_trimmed.fas	350865	351037	173	35	73	134	39
4609at3041_aligned_trimmed.fas	351038	351411	374	39	158	344	30
2497at3041_aligned_trimmed.fas	351412	351892	481	31	129	446	33
9415at3041_aligned_trimmed.fas	351893	352108	216	37	108	194	21
5994at3041_aligned_trimmed.fas	352109	352294	186	36	86	162	24
1808at3041_aligned_trimmed.fas	352295	352671	377	34	193	322	54
10205at3041_aligned_trimmed.fas	352672	352884	213	41	76	212	1
5301at3041_aligned_trimmed.fas	352885	353181	297	38	109	292	5
8074at3041_aligned_trimmed.fas	353182	353283	102	39	48	95	6
5528at3041_aligned_trimmed.fas	353284	353527	244	38	57	226	18
4904at3041_aligned_trimmed.fas	353528	353905	378	38	207	325	47
2930at3041_aligned_trimmed.fas	353906	354678	773	39	10	773	0
3407at3041_aligned_trimmed.fas	354679	355078	400	40	50	378	22
2802at3041_aligned_trimmed.fas	355079	355419	341	31	146	256	84
1974at3041_aligned_trimmed.fas	355420	355728	309	37	113	224	84
7143at3041_aligned_trimmed.fas	355729	356029	301	35	64	293	8
7058at3041_aligned_trimmed.fas	356030	356236	207	34	85	182	23
11829at3041_aligned_trimmed.fas	356237	356342	106	37	52	101	5
6885at3041_aligned_trimmed.fas	356343	356626	284	42	44	273	10
2919at3041_aligned_trimmed.fas	356627	356793	167	41	33	159	8
6086at3041_aligned_trimmed.fas	356794	357031	238	37	112	189	49
6345at3041_aligned_trimmed.fas	357032	357311	280	39	98	246	34
3352at3041_aligned_trimmed.fas	357312	357688	377	37	89	360	16
3892at3041_aligned_trimmed.fas	357689	357983	295	37	72	234	60
5366at3041_aligned_trimmed.fas	357984	358176	193	39	71	160	32
1139at3041_aligned_trimmed.fas	358177	358717	541	20	114	437	104
8810at3041_aligned_trimmed.fas	358718	358840	123	39	51	94	28
10788at3041_aligned_trimmed.fas	358841	358981	141	23	79	139	2
4160at3041_aligned_trimmed.fas	358982	359335	354	34	132	333	21
890at3041_aligned_trimmed.fas	359336	359903	568	32	128	518	49
5426at3041_aligned_trimmed.fas	359904	360446	543	39	28	514	27
11724at3041_aligned_trimmed.fas	360447	361196	750	32	79	748	2
8061at3041_aligned_trimmed.fas	361197	361352	156	40	70	134	22
8862at3041_aligned_trimmed.fas	361353	361589	237	36	50	227	10
3509at3041_aligned_trimmed.fas	361590	361883	294	37	28	278	16
8134at3041_aligned_trimmed.fas	361884	362270	387	36	98	380	6
8937at3041_aligned_trimmed.fas	362271	362390	120	34	61	110	9
9229at3041_aligned_trimmed.fas	362391	362637	247	38	70	244	3
4047at3041_aligned_trimmed.fas	362638	362870	233	36	78	187	46
2073at3041_aligned_trimmed.fas	362871	363254	384	38	90	324	59
3152at3041_aligned_trimmed.fas	363255	363609	355	39	23	336	16
3291at3041_aligned_trimmed.fas	363610	363866	257	41	53	219	37
6813at3041_aligned_trimmed.fas	363867	364071	205	36	90	195	10
9283at3041_aligned_trimmed.fas	364072	364222	151	36	61	125	24
5701at3041_aligned_trimmed.fas	364223	364434	212	40	62	181	29
9943at3041_aligned_trimmed.fas	364435	364660	226	40	50	217	8
11518at3041_aligned_trimmed.fas	364661	364815	155	39	58	150	4
10934at3041_aligned_trimmed.fas	364816	364935	120	39	33	90	29
7998at3041_aligned_trimmed.fas	364936	365228	293	36	132	286	7
2533at3041_aligned_trimmed.fas	365229	365852	624	38	57	617	6
6145at3041_aligned_trimmed.fas	365853	366012	160	37	81	143	17
9600at3041_aligned_trimmed.fas	366013	366211	199	39	50	196	3
10946at3041_aligned_trimmed.fas	366212	366318	107	35	37	81	25
11258at3041_aligned_trimmed.fas	366319	366482	164	34	66	144	20
8406at3041_aligned_trimmed.fas	366483	366607	125	41	49	96	28
1305at3041_aligned_trimmed.fas	366608	367225	618	37	150	595	23
7331at3041_aligned_trimmed.fas	367226	367342	117	34	42	80	37
8690at3041_aligned_trimmed.fas	367343	367449	107	21	51	83	24
1479at3041_aligned_trimmed.fas	367450	367752	303	36	97	264	39
4312at3041_aligned_trimmed.fas	367753	367948	196	38	74	187	8
1990at3041_aligned_trimmed.fas	367949	368297	349	39	36	303	45
3120at3041_aligned_trimmed.fas	368298	368597	300	38	93	225	75
6861at3041_aligned_trimmed.fas	368598	368909	312	37	100	284	28
3709at3041_aligned_trimmed.fas	368910	369165	256	36	125	220	36
8448at3041_aligned_trimmed.fas	369166	369490	325	38	125	319	6
