BAU71143.1	public_SRR7232211_concoct_bin.8_2872	89.381	113	12	0	1335	1447	1033	1371	5.19e-58	219
BAU71143.1	public_SRR7232211_concoct_bin.8_2872	83.761	117	19	0	634	750	1033	1383	8.17e-56	213
BAU71143.1	public_SRR7232211_concoct_bin.8_2872	76.724	116	25	1	534	649	376	717	1.38e-47	187
BAU71143.1	public_SRR7232211_concoct_bin.8_2872	75.862	116	26	1	1235	1350	376	717	1.12e-46	184
BAU71143.1	public_SRR7232211_concoct_bin.8_2872	63.200	125	43	1	745	869	1639	2004	4.32e-30	130
BAU71143.1	public_SRR7232211_concoct_bin.8_2872	77.419	62	14	0	868	929	2360	2545	1.36e-24	113
BAU71143.1	public_SRR7232211_concoct_bin.8_2872	75.806	62	15	0	167	228	2360	2545	4.80e-24	111
BAU71143.1	public_SRR7232211_concoct_bin.8_2872	86.275	51	7	0	1446	1496	1639	1791	7.54e-20	97.8
BAU71143.1	public_SRR7232211_concoct_bin.8_2872	56.452	62	24	2	108	168	1825	2004	9.32e-12	71.2
BAU71143.1	public_SRR7232211_concoct_bin.8_2811	90.265	113	11	0	634	746	2035	1697	1.45e-57	219
BAU71143.1	public_SRR7232211_concoct_bin.8_2811	86.726	113	15	0	1335	1447	2035	1697	4.88e-55	211
BAU71143.1	public_SRR7232211_concoct_bin.8_2811	80.769	104	20	0	1235	1338	2747	2436	3.98e-45	179
BAU71143.1	public_SRR7232211_concoct_bin.8_2811	83.168	101	17	0	534	634	2747	2445	4.30e-45	179
BAU71143.1	public_SRR7232211_concoct_bin.8_2811	71.429	126	35	1	745	869	1483	1106	1.18e-36	152
BAU71143.1	public_SRR7232211_concoct_bin.8_2811	48.507	134	61	4	131	262	703	320	2.40e-26	119
BAU71143.1	public_SRR7232211_concoct_bin.8_2811	48.092	131	60	4	833	961	700	326	9.84e-26	117
BAU71143.1	public_SRR7232211_concoct_bin.8_2811	72.549	51	14	0	1446	1496	1483	1331	3.24e-13	76.3
BAU71143.1	public_SRR7232211_concoct_bin.8_2811	58.824	51	19	1	118	168	1252	1106	1.54e-10	67.4
BAU71143.1	public_SRR7232211_concoct_bin.8_2079	89.286	112	12	0	1336	1447	6595	6260	1.60e-55	215
BAU71143.1	public_SRR7232211_concoct_bin.8_2079	85.841	113	16	0	635	747	6595	6257	3.54e-53	207
BAU71143.1	public_SRR7232211_concoct_bin.8_2079	69.697	132	24	1	1641	1772	3673	3326	1.98e-43	176
BAU71143.1	public_SRR7232211_concoct_bin.8_2079	72.222	90	24	1	1446	1534	5856	5587	1.34e-31	137
BAU71143.1	public_SRR7232211_concoct_bin.8_2079	89.552	67	7	0	1577	1643	4342	4142	3.91e-28	125
BAU71143.1	public_SRR7232211_concoct_bin.8_2079	75.472	53	13	0	1969	2021	222	64	2.56e-18	93.2
BAU71143.1	public_SRR7232211_concoct_bin.8_2079	52.083	96	35	3	1536	1621	5160	4876	3.93e-17	89.4
BAU71143.1	public_SRR7232211_concoct_bin.8_2079	63.636	55	19	1	1913	1967	895	734	1.85e-14	80.5
BAU71143.1	public_SRR7232211_concoct_bin.8_2079	67.213	61	20	0	745	805	5856	5674	4.87e-14	79.3
BAU71143.1	public_SRR7232211_concoct_bin.8_2079	80.000	40	8	0	1835	1874	1826	1707	8.69e-14	78.2
BAU71143.1	public_SRR7232211_concoct_bin.8_2079	59.524	42	17	0	1796	1837	2276	2151	7.17e-10	65.5
BAU71143.1	public_SRR7232211_concoct_bin.8_2079	62.791	43	16	0	1755	1797	2809	2681	7.87e-09	62.0
BAU71143.1	public_SRR7232211_concoct_bin.8_2079	72.222	36	10	0	1303	1338	7099	6992	4.12e-07	56.2
BAU71143.1	public_SRR7232211_concoct_bin.8_2079	55.814	43	19	0	1870	1912	1420	1292	6.16e-07	55.8
BAU71143.1	public_SRR7232211_concoct_bin.8_2079	75.758	33	8	0	602	634	7099	7001	8.27e-07	55.5
BAU71143.1	public_SRR7232211_concoct_bin.8_1240	75.824	91	22	0	2021	2111	202	474	6.44e-37	154
