Genome	bac_genus2	bac_family	bac_order	AA1	AA3_2	CBM13	CBM2	CBM20	CBM32	CBM38	CBM41	CBM47	CBM48	CBM57	CBM66	CBM67	CBM8	CE1	CE11	CE12	CE14	CE15	CE16	CE2	CE4	CE7	CE8	CE9	GH1	GH10	GH100	GH102	GH103	GH104	GH105	GH106	GH109	GH116	GH125	GH127	GH128	GH13	GH13_10	GH13_11	GH13_13	GH13_16	GH13_2	GH13_20	GH13_23	GH13_26	GH13_3	GH13_30	GH13_31	GH13_33	GH13_4	GH13_5	GH13_6	GH13_9	GH130	GH133	GH136	GH141	GH142	GH144	GH146	GH15	GH151	GH154	GH16_3	GH16_5	GH16_7	GH171	GH18	GH19	GH2	GH20	GH23	GH25	GH26	GH27	GH28	GH29	GH3	GH30_2	GH30_3	GH31	GH32	GH33	GH35	GH36	GH37	GH38	GH39	GH4	GH42	GH43_1	GH43_11	GH43_12	GH43_18	GH43_24	GH43_26	GH43_29	GH43_3	GH43_32	GH43_34	GH43_36	GH43_5	GH43_8	GH43_9	GH44	GH47	GH5	GH5_1	GH5_13	GH5_25	GH5_36	GH5_46	GH5_5	GH5_7	GH51	GH54	GH55	GH57	GH59	GH6	GH63	GH64	GH65	GH67	GH73	GH76	GH77	GH78	GH79	GH8	GH81	GH87	GH89	GH9	GH92	GH93	GH94	GH95	GH97	GT1	GT102	GT107	GT11	GT111	GT112	GT14	GT19	GT2	GT20	GT21	GT23	GT26	GT28	GT30	GT35	GT39	GT4	GT41	GT5	GT51	GT60	GT75	GT8	GT83	GT84	GT9	PL12_3	PL38	PL5
private_VT1_metawrap_bin.3	Acetobacteraceae gen. sp.	Acetobacteraceae	Acetobacterales	0	0	0	0	0	0	0	0	0	0	0	0	0	0	0	1	0	0	0	0	0	0	0	0	1	1	0	0	0	1	0	0	0	0	0	0	0	0	0	1	2	0	1	0	0	1	1	1	0	0	0	0	0	0	1	0	0	0	0	0	0	0	3	0	0	0	0	0	0	0	0	0	0	0	0	0	0	0	0	0	0	0	0	0	0	0	1	0	0	0	0	1	0	0	0	0	0	0	0	0	0	0	0	0	0	0	0	0	0	0	0	0	0	0	0	0	1	0	0	0	0	0	0	0	0	0	0	0	1	0	0	0	0	0	0	0	0	0	0	0	0	0	0	0	0	0	0	0	1	10	1	1	0	0	1	1	1	0	8	1	0	3	0	0	0	1	0	3	0	0	0
private_X1_metawrap_bin.1	Acetobacteraceae gen. sp.	Acetobacteraceae	Acetobacterales	0	0	0	0	0	0	0	0	0	1	0	0	0	0	0	0	0	0	0	0	0	0	0	0	1	1	0	0	0	1	0	0	0	0	0	0	0	0	0	1	2	0	1	0	0	1	1	2	0	0	0	0	0	0	1	0	0	0	0	0	0	0	2	0	0	0	0	0	0	0	0	0	0	0	0	0	0	0	0	1	0	0	0	0	0	0	0	0	0	0	0	0	0	0	0	0	0	0	0	0	0	0	0	0	0	0	0	0	0	0	0	0	0	0	0	0	0	0	0	0	0	0	0	0	0	0	0	0	1	0	0	0	0	0	0	0	0	0	0	0	0	2	0	0	0	0	0	0	1	7	2	2	0	0	1	1	1	0	11	1	0	2	0	0	0	1	0	3	0	0	0
private_X11_metawrap_bin.3	Acetobacteraceae gen. sp.	Acetobacteraceae	Acetobacterales	0	0	0	0	0	0	0	0	0	1	0	0	0	0	0	1	0	0	0	0	0	0	0	0	1	1	0	0	0	1	0	0	0	0	0	0	0	0	0	1	2	0	1	0	0	1	1	2	0	0	0	0	0	0	1	0	0	0	0	0	0	0	3	0	0	0	0	0	0	0	0	0	0	0	0	0	0	0	0	0	0	0	0	0	0	0	0	0	0	0	0	0	0	0	0	0	0	0	0	0	0	0	0	0	0	0	0	0	0	0	0	0	0	0	0	0	0	0	0	0	0	0	0	0	0	0	0	0	1	0	0	0	0	0	0	0	0	0	0	0	0	0	0	0	0	0	1	0	1	11	2	1	0	0	1	1	1	0	6	1	0	2	0	0	0	1	0	1	0	0	0
public_SRR14722071_metawrap_bin.1	Acetobacteraceae gen. sp.	Acetobacteraceae	Acetobacterales	0	0	0	0	0	0	0	0	0	0	0	0	0	0	0	0	0	0	0	0	0	0	0	0	1	0	0	0	0	1	0	0	0	0	0	0	0	0	1	1	2	0	1	0	0	0	0	1	0	0	0	0	0	0	1	0	0	0	0	0	0	0	3	0	0	0	0	0	0	0	0	0	0	4	0	0	1	0	0	2	0	0	1	0	0	0	1	1	0	0	0	1	0	0	0	0	0	0	0	0	0	0	0	0	0	0	1	0	0	0	1	0	0	0	0	0	0	1	1	0	0	0	0	0	1	0	0	0	1	0	0	0	0	0	0	0	0	0	0	0	0	2	0	0	0	0	0	0	1	5	2	2	0	0	1	1	1	0	13	2	0	0	0	0	0	0	0	1	0	0	0
private_T1887_metawrap_bin.15	CAHJXG01	Acetobacteraceae	Acetobacterales	0	4	0	0	0	0	0	0	0	0	0	0	0	0	1	1	0	0	0	0	0	0	0	0	1	3	0	0	0	1	0	0	0	0	0	0	0	0	0	1	2	0	1	0	0	0	1	1	0	0	0	0	0	0	1	0	1	0	0	0	0	0	3	0	0	0	0	0	0	0	0	1	0	2	0	0	0	0	0	1	0	0	2	0	0	0	0	0	0	0	1	1	0	0	0	0	0	0	0	0	0	0	0	0	0	0	0	0	0	0	0	0	0	0	0	0	0	0	0	0	0	0	0	0	0	0	0	0	0	0	0	1	0	0	0	0	0	0	0	0	0	0	0	0	0	0	0	0	1	9	1	1	0	0	1	1	1	0	15	0	1	2	0	0	0	1	0	2	0	0	0
private_VT34_metawrap_bin.3	CAHJXG01	Acetobacteraceae	Acetobacterales	0	2	0	0	0	0	0	0	0	0	0	0	0	0	0	1	0	0	0	0	0	0	0	0	1	2	0	0	0	1	0	0	0	0	0	0	0	0	0	1	2	0	1	0	0	0	1	1	1	0	0	0	0	0	1	0	1	0	0	0	0	0	2	0	0	0	0	0	0	0	0	0	0	1	0	0	0	0	0	1	0	0	2	1	0	0	0	1	0	0	0	1	0	0	0	0	0	0	0	0	0	0	0	0	0	0	0	0	0	0	1	0	0	0	0	0	0	0	0	0	0	0	0	0	0	0	0	0	1	0	0	0	0	0	0	0	0	0	0	0	0	0	0	0	0	0	0	1	1	5	1	1	0	0	1	1	1	0	13	0	1	3	0	0	0	0	0	2	0	0	0
private_X15_metawrap_bin.2	CAHJXG01	Acetobacteraceae	Acetobacterales	0	2	0	0	0	0	0	0	0	0	0	0	0	0	1	1	0	0	0	0	0	0	0	0	1	3	0	0	0	1	0	0	0	0	0	0	0	0	0	1	1	0	1	0	0	0	1	1	0	0	0	0	0	0	1	0	1	0	0	0	0	0	2	0	0	0	0	0	0	0	0	0	0	2	0	0	0	0	0	1	0	0	0	0	0	0	0	0	0	0	0	0	0	0	0	0	0	0	0	0	0	0	0	0	0	0	0	0	0	0	0	0	0	0	0	0	0	0	0	0	0	0	0	0	1	0	0	0	1	0	0	0	0	0	0	0	0	0	1	0	0	1	0	1	0	0	0	0	1	9	1	1	0	0	1	1	1	0	18	0	1	3	0	0	0	1	1	4	0	0	0
public_SRR11456914_metawrap_bin.12	CAHJXG01	Acetobacteraceae	Acetobacterales	0	1	0	0	0	0	0	0	0	0	0	0	0	0	1	1	0	0	0	0	0	0	0	0	1	2	0	0	0	1	0	0	0	0	0	0	0	0	0	2	1	0	0	0	0	0	1	1	0	0	0	0	0	0	1	0	1	0	0	0	0	0	1	0	0	0	0	0	0	0	0	0	0	2	0	0	0	0	0	1	0	0	0	0	0	0	0	0	0	0	0	0	0	0	0	0	0	0	0	0	0	0	0	0	0	0	0	0	0	0	0	0	0	0	0	0	0	0	0	0	0	0	0	0	0	0	0	0	1	0	0	0	0	0	0	0	0	0	1	0	0	0	0	1	0	0	1	0	1	9	1	1	0	0	1	1	1	0	12	0	1	4	0	0	0	1	1	2	0	0	0
private_T1889_metawrap_bin.2	CAIMSN01	Acetobacteraceae	Acetobacterales	0	1	1	0	0	0	0	0	0	0	0	0	0	0	0	1	0	0	0	0	0	0	0	0	1	1	0	0	1	1	0	0	0	0	0	0	0	0	1	1	2	0	1	0	0	0	1	1	0	0	0	0	0	0	0	0	0	0	0	1	0	0	5	0	0	0	2	0	0	0	0	1	0	3	0	0	0	0	0	2	0	0	1	0	0	0	1	1	0	0	1	1	0	0	0	0	0	0	0	1	0	0	0	0	0	0	0	0	0	0	1	0	0	0	0	0	0	0	1	0	0	0	0	0	0	0	0	0	1	0	1	0	0	0	0	0	1	0	0	0	0	1	0	1	0	0	0	0	1	13	2	1	0	0	1	1	0	0	19	1	0	2	0	0	0	0	0	2	0	0	0
private_T1904_metawrap_bin.1	CAIMSN01	Acetobacteraceae	Acetobacterales	0	0	0	0	0	1	0	0	1	1	0	0	0	0	0	1	0	0	0	0	0	0	0	0	1	0	0	0	1	1	0	0	0	0	0	0	0	0	1	1	2	0	1	0	0	0	1	2	0	0	0	0	0	0	1	0	0	0	0	0	0	0	3	0	0	0	1	0	0	0	0	2	0	2	0	0	0	0	0	1	0	0	1	1	0	0	0	0	0	0	1	0	0	0	0	0	0	0	0	0	0	0	0	0	0	0	0	0	0	0	0	0	0	0	0	0	0	0	0	0	0	0	0	1	0	0	0	0	1	0	0	0	0	0	0	0	0	0	0	0	0	1	0	0	0	0	1	0	1	12	2	2	0	0	1	1	0	0	14	2	0	1	0	0	0	0	0	2	0	0	0
private_X9_metawrap_bin.1	CAIMSN01	Acetobacteraceae	Acetobacterales	0	0	0	0	0	0	0	0	0	1	0	0	0	0	0	1	0	0	0	0	0	0	0	0	1	1	0	0	1	0	0	0	0	0	0	0	0	1	1	1	2	0	1	0	0	0	1	1	0	0	0	0	0	0	1	0	0	0	0	0	0	0	5	0	0	0	0	0	0	0	0	1	0	3	0	0	0	0	0	2	0	0	1	0	0	0	0	1	0	0	1	0	0	0	0	0	0	0	0	0	0	0	0	0	0	0	0	0	0	0	0	0	0	0	0	0	0	1	0	0	0	0	0	0	0	0	0	0	1	0	0	0	0	0	0	0	0	0	0	0	0	0	0	0	0	0	0	0	1	11	2	1	0	0	1	1	1	0	14	1	0	2	0	0	0	0	0	2	0	0	0
public_SRR14721985_metawrap_bin.2	CAIMSN01	Acetobacteraceae	Acetobacterales	0	1	0	0	0	0	0	0	0	0	0	0	0	0	0	1	0	0	0	0	0	0	0	0	1	0	0	0	1	1	0	0	0	0	0	0	0	0	1	1	2	0	1	0	0	0	1	2	0	0	0	0	0	0	1	0	0	0	0	0	0	0	4	0	0	0	0	0	0	0	0	0	0	3	0	0	0	0	0	1	0	0	1	0	0	0	0	0	0	0	1	0	0	0	0	0	0	0	0	0	0	0	0	0	0	0	0	0	0	0	0	0	0	0	0	0	0	0	0	0	0	0	0	0	0	0	0	0	1	0	0	0	0	0	0	0	1	0	0	0	0	2	0	0	0	1	0	0	1	10	2	1	0	0	1	0	0	0	16	1	0	2	0	0	0	0	0	2	0	0	0
public_SRR7232211_metawrap_bin.1	CAIMSN01	Acetobacteraceae	Acetobacterales	0	0	0	0	0	0	0	0	0	1	0	0	0	0	0	1	0	0	0	0	0	0	0	0	1	0	0	0	1	1	0	0	0	0	0	0	0	1	1	1	2	0	1	0	0	0	1	1	0	0	0	0	0	0	1	0	0	0	0	0	0	0	5	0	0	0	0	0	0	0	0	1	0	3	0	0	0	0	0	2	0	0	1	0	0	0	1	1	0	0	1	1	0	0	0	0	0	0	0	0	0	0	0	0	0	0	0	0	0	0	1	0	0	0	0	0	0	1	1	0	0	0	0	0	0	0	0	0	1	0	0	0	0	0	0	0	1	0	0	0	0	0	0	0	0	0	2	0	1	10	2	1	0	0	1	1	1	0	16	1	0	1	0	0	0	0	0	0	0	0	0
private_TS1974_metawrap_bin.6	LMUY01	Acetobacteraceae	Acetobacterales	0	4	0	0	0	0	0	0	0	1	0	0	0	0	1	1	0	0	0	0	0	0	0	0	1	0	1	0	0	1	0	0	0	0	0	0	0	0	0	1	2	0	1	0	0	0	1	2	0	0	0	0	0	0	1	0	1	0	0	0	0	0	2	0	0	0	0	0	0	0	0	0	0	1	0	0	0	0	0	1	0	0	0	0	0	0	0	0	0	0	0	0	0	0	0	0	0	0	0	0	0	0	0	0	0	0	0	0	0	0	0	0	0	0	0	0	0	0	0	0	0	0	0	0	0	0	0	0	1	0	0	1	0	0	0	0	0	0	0	0	0	0	0	1	0	0	0	0	1	9	1	1	0	0	1	1	1	0	12	1	1	3	0	0	0	1	0	2	0	0	0
private_VT1_metawrap_bin.1	LMUY01	Acetobacteraceae	Acetobacterales	0	0	0	0	0	0	0	0	0	1	0	0	0	0	0	1	0	0	0	0	0	0	0	0	1	1	0	0	0	1	0	0	0	0	0	0	0	0	0	1	2	0	1	0	0	1	1	1	0	0	0	0	0	0	1	0	1	0	0	0	0	0	2	0	0	0	0	0	0	0	0	0	0	1	0	0	0	0	0	0	0	0	0	1	0	0	0	0	0	0	0	0	0	0	0	0	0	0	0	0	0	0	0	0	0	0	0	0	0	0	0	0	0	0	0	0	0	0	0	0	0	0	0	0	0	0	0	0	1	0	0	0	0	0	0	0	0	0	0	0	0	0	0	0	0	0	0	0	1	9	1	2	0	0	1	1	1	0	12	0	1	3	0	0	0	0	0	1	1	0	0
public_SRR13125477_metawrap_bin.5	LMUY01	Acetobacteraceae	Acetobacterales	0	1	0	0	0	0	0	0	0	1	0	0	0	0	0	1	0	0	0	0	0	0	0	0	1	0	0	0	0	1	0	0	0	0	0	0	0	0	0	1	2	0	0	0	0	0	1	2	0	0	0	0	0	0	1	0	1	0	1	0	0	0	2	0	0	0	0	0	0	0	0	0	0	2	0	0	0	0	0	0	0	0	0	1	0	0	0	0	0	0	0	0	0	0	0	0	0	0	0	0	0	0	0	0	0	0	0	0	0	0	0	0	0	0	0	0	0	0	0	0	0	0	0	0	0	0	0	0	1	0	0	1	0	0	0	0	0	0	0	0	0	1	0	0	0	0	1	0	1	11	1	2	0	0	1	1	1	0	17	0	1	3	0	0	0	1	0	2	0	0	0
public_SRR14722123_metawrap_bin.1	LMUY01	Acetobacteraceae	Acetobacterales	0	0	0	0	0	0	0	0	0	1	0	0	0	0	0	1	0	0	0	0	0	0	0	0	0	0	0	0	0	1	0	0	0	0	0	0	0	0	0	1	2	0	1	0	0	1	1	2	0	0	0	0	0	0	1	0	0	0	0	0	0	0	2	0	0	0	0	0	0	0	0	0	0	1	0	0	0	0	0	1	0	0	0	0	0	0	0	0	0	0	0	0	0	0	0	0	0	0	0	0	0	0	0	0	0	0	0	0	0	0	0	0	0	0	0	0	0	0	0	0	0	0	0	0	0	0	0	0	1	0	0	0	0	0	0	0	0	0	0	0	0	0	0	0	0	0	0	0	1	9	1	2	0	0	0	0	1	0	11	0	1	2	0	0	0	2	0	0	0	0	0
private_T1894_metawrap_bin.4	VCDI01	Acetobacteraceae	Acetobacterales	0	0	0	0	0	0	0	0	0	0	0	0	0	0	0	1	0	0	0	0	0	0	0	0	1	0	0	0	1	1	0	0	0	0	0	0	0	0	1	1	2	0	1	0	0	0	1	1	0	0	0	0	0	0	1	0	0	0	0	0	0	0	2	0	0	0	0	0	0	0	0	0	0	3	0	0	0	1	0	1	0	0	1	0	0	0	1	0	0	0	1	1	0	0	0	0	0	0	0	0	0	0	0	0	0	0	0	0	0	0	0	0	0	0	0	0	0	0	0	0	0	0	0	0	2	0	0	0	1	0	0	0	0	0	0	0	0	0	0	0	0	1	0	0	0	0	0	0	1	10	2	1	0	0	1	1	2	0	13	2	0	1	0	0	0	0	0	2	0	0	0
private_T1888_metawrap_bin.6	CAHJWL01	Acidobacteriaceae	Acidobacteriales	0	0	0	1	0	0	0	1	0	0	0	2	2	0	0	1	0	1	0	0	0	1	0	0	1	5	1	0	0	0	0	0	1	0	0	1	0	0	0	1	1	1	1	0	0	2	1	1	0	1	0	0	0	0	0	0	0	0	0	0	5	2	2	0	0	0	0	0	1	2	0	4	2	2	0	0	2	2	1	3	0	0	3	1	1	0	1	0	2	4	0	2	0	0	0	0	0	1	0	0	0	0	0	1	1	0	1	0	0	2	1	0	1	0	0	1	2	1	1	2	0	0	0	0	0	0	0	0	1	2	0	1	0	0	0	0	0	0	0	0	0	1	0	0	0	0	0	0	1	7	0	3	0	2	1	1	1	0	17	0	0	2	0	0	0	5	1	3	0	1	0
private_T1916_metawrap_bin.2	CAHJWL01	Acidobacteriaceae	Acidobacteriales	0	0	0	0	0	0	0	0	0	0	0	2	2	0	0	1	0	1	0	0	0	1	0	0	1	4	1	0	0	0	0	0	1	0	0	1	1	0	0	1	1	0	1	0	0	3	1	1	0	1	0	0	0	0	0	1	0	0	0	0	2	1	2	0	0	0	0	0	1	3	0	5	3	2	0	0	2	1	3	5	0	1	2	1	0	2	2	0	2	3	0	2	0	0	0	0	0	1	0	1	0	0	0	1	1	0	0	0	2	1	1	0	1	0	0	0	5	0	1	2	0	0	0	0	0	0	0	1	1	2	0	1	0	0	0	0	3	1	0	0	0	0	0	0	0	0	0	0	1	11	0	2	0	0	1	1	1	0	14	0	0	2	0	0	1	4	1	3	0	0	0
private_TS1974_metawrap_bin.5	CAHJWL01	Acidobacteriaceae	Acidobacteriales	0	0	0	0	0	0	0	3	0	0	0	2	0	0	0	1	0	1	0	0	0	1	0	0	1	3	0	0	0	0	0	0	0	0	0	1	0	0	1	3	1	1	1	0	0	3	1	1	0	1	0	0	0	0	0	0	0	0	0	0	0	1	2	0	0	0	0	0	1	2	0	5	2	2	0	0	2	1	0	3	0	1	3	1	0	0	1	0	3	0	0	0	0	0	0	0	0	1	0	1	0	0	0	1	0	0	1	0	0	1	1	0	0	0	0	0	3	0	0	1	0	1	0	0	0	0	0	1	1	0	0	1	0	0	0	0	4	1	0	0	0	0	0	0	0	0	0	0	1	9	0	2	0	0	1	1	2	0	13	0	1	2	0	0	0	4	0	5	0	1	0
private_VT16_metawrap_bin.4	CAHJWL01	Acidobacteriaceae	Acidobacteriales	0	0	2	1	0	0	0	1	0	0	9	0	0	0	0	1	0	1	0	0	0	1	0	0	1	4	1	0	0	0	0	0	0	0	0	1	0	1	1	1	1	1	1	0	0	3	1	1	0	0	0	0	0	0	0	1	0	0	0	0	1	1	3	0	0	2	0	0	1	3	0	6	2	2	0	0	2	1	1	5	0	2	4	1	0	1	1	0	2	2	0	2	0	0	0	0	1	1	0	1	0	1	0	1	0	0	0	0	0	2	1	0	1	0	0	0	3	0	2	2	1	1	0	1	0	0	0	3	1	1	0	1	0	0	0	0	2	0	0	0	0	1	0	0	0	0	0	0	1	9	0	2	0	0	1	1	1	0	14	0	0	2	0	0	1	4	1	4	0	0	0
private_X16_metawrap_bin.17	CAHJWL01	Acidobacteriaceae	Acidobacteriales	0	0	0	1	0	0	0	0	0	0	0	0	0	0	0	1	0	0	0	0	0	1	0	0	1	1	0	0	0	0	0	0	0	0	0	1	0	0	0	2	1	0	1	0	0	2	1	1	0	0	0	0	0	0	0	1	0	0	0	0	1	0	2	0	0	0	0	0	1	2	0	5	1	2	0	0	0	0	0	3	0	3	1	1	0	0	1	1	1	2	0	1	0	0	0	0	0	1	0	0	0	0	0	1	0	0	0	1	0	1	1	0	0	1	0	0	2	0	1	1	0	0	0	1	0	0	0	1	1	0	0	0	0	0	0	0	1	1	0	0	0	0	0	0	0	0	0	0	1	9	0	3	0	1	1	0	1	0	13	1	1	2	0	0	0	4	0	3	0	1	0
public_ERR4179390_metawrap_bin.2	CAHJWL01	Acidobacteriaceae	Acidobacteriales	0	0	0	0	0	0	0	0	0	0	0	1	0	0	0	1	0	1	0	0	0	1	0	0	1	3	1	0	0	0	0	0	0	1	0	1	0	0	1	1	1	0	1	0	0	2	1	1	0	1	0	0	0	0	0	1	0	0	0	0	1	1	3	0	0	0	0	0	1	4	0	6	3	2	0	0	2	1	0	2	0	1	1	0	0	1	1	0	2	2	0	0	0	0	0	0	0	1	0	0	0	0	0	0	0	0	0	0	0	1	1	0	0	0	0	0	2	0	1	2	0	0	0	0	0	0	0	1	1	0	0	1	0	0	0	0	2	0	0	0	0	1	0	0	0	0	0	0	1	13	0	2	0	0	1	1	1	0	18	0	0	1	0	0	0	5	1	4	0	0	0
public_SRR14722050_metawrap_bin.2	CAHJWL01	Acidobacteriaceae	Acidobacteriales	0	0	0	0	0	0	0	1	0	0	0	1	1	0	0	1	0	1	0	0	0	1	0	0	1	4	1	0	0	0	0	0	2	1	0	1	1	0	0	1	1	1	1	0	0	1	1	1	0	0	0	0	0	0	0	3	0	0	0	0	0	2	2	0	0	1	0	0	1	3	0	4	3	1	0	0	1	1	2	3	0	3	3	1	1	1	2	1	3	1	1	1	0	0	0	0	0	1	0	1	0	0	0	0	0	0	0	0	0	1	1	0	1	0	0	1	3	0	1	2	0	0	0	0	0	0	0	1	1	2	0	1	0	0	0	0	2	0	0	0	0	1	0	0	0	0	0	0	0	9	0	2	0	0	1	1	1	0	12	0	0	0	0	0	0	4	1	4	0	0	0
public_SRR2387885_metawrap_bin.6	CAHJWL01	Acidobacteriaceae	Acidobacteriales	0	0	0	1	0	0	0	0	0	0	0	0	0	0	0	1	0	0	0	0	0	1	0	0	1	2	0	0	0	0	0	0	0	0	0	1	0	0	0	3	1	0	1	0	0	2	1	1	0	0	0	0	0	0	0	0	0	0	0	0	1	1	4	0	0	0	0	0	1	2	0	4	1	2	0	0	1	0	0	5	0	2	2	0	0	0	0	1	1	2	0	0	0	0	0	0	0	1	0	0	0	0	1	0	0	0	0	1	0	1	1	0	0	1	0	0	2	0	0	1	0	0	0	0	0	0	0	2	1	0	0	0	0	0	0	0	2	0	0	0	0	0	0	0	1	0	0	0	1	9	0	2	0	1	1	1	1	0	12	1	1	2	0	0	0	4	0	3	0	1	0
private_VT22_metawrap_bin.8	EB88	Acidobacteriaceae	Acidobacteriales	0	0	3	0	0	0	0	0	0	0	1	0	0	0	0	1	0	1	0	0	0	1	0	0	1	2	1	0	0	0	0	0	0	0	0	1	0	0	2	1	0	1	0	0	0	1	1	1	0	0	0	0	0	1	0	2	1	0	0	0	1	1	3	0	0	1	0	0	0	0	0	4	1	1	0	0	2	1	0	4	0	1	1	1	0	0	0	1	1	1	0	0	0	0	0	0	0	0	0	0	0	0	0	0	0	0	0	0	0	0	1	0	0	0	0	0	2	0	3	1	0	0	0	1	0	0	0	1	1	0	0	0	0	0	0	0	3	1	0	0	0	0	1	0	0	0	0	0	0	5	1	2	0	1	1	0	1	0	7	0	1	2	0	0	0	3	1	2	0	0	0
private_X3_metawrap_bin.2	EB88	Acidobacteriaceae	Acidobacteriales	0	0	3	0	0	0	0	1	0	0	0	0	0	0	0	1	0	1	0	0	0	0	0	0	1	2	1	0	0	0	0	0	0	0	0	1	0	0	1	1	1	1	1	0	0	1	1	1	0	0	0	0	0	0	0	2	1	0	0	0	1	1	4	0	0	1	0	0	0	1	0	6	2	1	0	0	2	1	0	4	0	0	1	1	0	0	0	1	1	0	0	0	0	0	0	0	0	0	0	0	0	0	0	0	0	0	0	0	0	0	1	0	0	0	0	0	2	0	1	1	1	0	0	0	0	0	0	1	1	0	0	0	0	0	1	0	3	1	0	0	0	1	1	0	0	0	0	0	1	5	1	2	0	1	1	1	1	0	12	0	1	2	0	0	0	3	1	1	0	0	0
public_SRR14722154_metawrap_bin.3	EB88	Acidobacteriaceae	Acidobacteriales	0	0	2	0	0	0	0	0	0	0	2	1	0	0	0	1	0	1	1	0	0	1	0	0	1	4	1	0	0	0	0	0	0	0	0	1	0	0	1	1	1	1	1	0	0	2	1	1	0	0	0	0	0	0	0	1	0	0	0	0	2	2	3	0	0	1	0	0	0	2	0	5	1	1	0	0	2	1	1	7	0	1	2	0	0	1	1	1	2	3	0	1	0	0	0	0	0	1	0	1	0	0	0	0	0	0	0	0	0	1	1	0	0	0	0	0	1	0	1	1	1	1	0	0	0	2	0	5	1	1	1	1	0	1	0	1	4	1	0	0	0	1	0	0	0	0	0	0	1	7	1	3	0	1	1	1	1	0	10	0	1	2	1	0	1	3	1	2	0	0	0
public_SRR14722157_metawrap_bin.1	EB88	Acidobacteriaceae	Acidobacteriales	0	0	0	0	0	0	0	0	0	0	0	0	0	0	0	1	0	1	0	0	0	1	0	0	1	3	1	0	0	0	0	0	0	0	0	1	0	0	3	1	2	1	1	0	0	1	0	1	0	0	0	0	0	1	0	0	0	0	0	0	0	1	3	0	0	2	0	0	0	2	0	5	1	1	0	0	1	1	0	5	0	1	2	1	0	1	1	1	2	0	0	1	0	0	0	0	0	1	0	0	0	0	0	1	0	0	0	0	0	0	0	0	0	0	0	1	1	0	3	0	1	0	0	0	0	0	0	1	1	0	0	0	0	0	1	0	3	0	0	0	0	1	0	0	0	0	0	0	1	5	1	2	0	1	1	1	1	0	4	0	1	2	0	0	0	2	1	2	0	0	0
public_SRR14722049_metawrap_bin.2	Terriglobus	Acidobacteriaceae	Acidobacteriales	0	0	0	0	0	0	0	2	0	0	0	0	0	0	0	1	0	0	0	0	0	1	0	0	1	2	0	0	0	0	0	0	0	0	0	1	0	1	1	3	2	1	1	0	0	2	1	1	0	0	0	0	0	0	0	1	0	0	0	0	2	2	3	0	0	1	0	0	1	2	0	5	2	1	0	0	2	2	1	4	1	2	1	1	1	0	1	0	2	2	0	1	0	0	0	0	0	1	0	0	0	1	0	0	0	0	0	0	0	0	1	0	0	1	0	1	2	0	1	1	0	0	0	0	0	1	0	1	0	0	1	1	0	0	0	0	4	1	0	0	0	1	0	0	0	0	0	0	1	11	0	2	0	1	1	1	1	0	12	0	1	2	0	0	0	4	0	2	0	1	0
public_SRR14722081_metawrap_bin.1	Terriglobus	Acidobacteriaceae	Acidobacteriales	0	1	0	0	0	0	0	0	0	0	0	0	0	0	0	1	1	0	0	0	0	1	0	1	1	2	1	0	0	0	0	4	1	0	0	1	0	0	0	2	1	0	1	0	0	1	1	1	0	0	0	0	0	0	0	1	0	0	0	0	1	2	2	0	1	1	0	0	1	2	0	4	2	2	0	0	4	2	3	2	0	0	2	1	1	1	1	1	1	1	0	2	0	0	0	0	1	1	0	0	0	1	0	0	0	0	0	0	0	0	1	0	0	0	0	0	3	0	1	1	0	0	0	0	0	1	0	1	1	2	2	1	0	0	0	0	7	0	0	0	1	0	0	0	0	0	0	0	1	9	0	1	0	2	1	1	1	0	9	0	0	1	0	0	0	4	0	2	0	1	1
public_SRR14722088_metawrap_bin.5	Terriglobus	Acidobacteriaceae	Acidobacteriales	0	0	0	0	0	0	0	0	0	0	0	0	0	0	0	1	0	0	0	0	0	2	0	0	1	2	0	0	0	0	0	0	0	0	0	1	0	0	0	2	2	0	1	0	0	1	1	1	0	1	0	0	0	0	0	1	0	0	0	0	0	0	2	0	0	0	0	0	1	3	0	2	1	1	0	0	1	1	2	0	0	1	1	0	1	0	1	0	1	0	1	0	0	0	0	0	0	1	0	0	0	1	0	0	0	1	0	0	0	0	1	0	0	0	0	0	2	0	2	0	0	0	0	0	0	0	0	1	2	0	0	0	0	0	0	0	5	0	0	0	0	0	0	0	0	0	0	0	1	9	0	2	0	1	1	1	1	0	10	0	1	2	0	0	0	3	0	3	0	1	0
public_SRR14722095_metawrap_bin.2	Terriglobus	Acidobacteriaceae	Acidobacteriales	0	0	0	1	0	0	0	0	0	0	0	0	0	0	0	1	0	0	0	0	0	2	0	0	1	1	0	0	0	0	0	0	0	0	0	1	0	0	0	2	2	0	1	0	0	0	1	1	0	1	0	0	0	0	0	1	0	0	0	0	0	0	3	0	0	1	0	0	1	2	0	1	1	2	0	0	1	0	1	3	0	1	0	0	0	0	1	0	1	1	1	0	0	0	0	0	0	1	0	0	0	0	0	0	0	0	0	0	0	1	1	0	0	0	0	0	1	0	0	0	0	0	0	0	0	1	0	1	1	0	1	0	0	0	0	0	5	0	0	0	0	1	0	0	0	0	0	0	1	8	0	2	0	0	1	1	1	0	10	0	1	2	0	0	0	4	0	4	0	1	0
public_SRR14722229_metawrap_bin.6	Terriglobus	Acidobacteriaceae	Acidobacteriales	0	0	0	1	0	4	0	1	0	0	0	0	0	0	0	1	0	0	0	0	0	1	0	0	1	5	1	0	0	0	0	0	0	0	0	1	1	0	2	3	2	1	1	0	0	1	1	1	0	1	0	0	0	0	0	1	0	0	0	0	1	1	3	0	0	0	0	0	1	3	1	6	2	2	0	0	1	1	2	3	0	1	1	0	0	0	1	1	2	2	0	2	0	0	0	0	0	1	0	0	0	1	0	1	0	0	1	0	0	1	1	0	0	0	0	0	5	0	2	1	0	0	0	1	0	1	0	1	1	1	1	1	0	0	1	0	6	1	0	0	0	1	0	0	0	0	0	0	1	14	0	2	0	3	1	1	1	0	16	0	0	2	0	0	0	4	0	2	0	1	0
private_T1916_metawrap_bin.13	Lichenihabitans	Beijerinckiaceae	Rhizobiales	0	3	0	0	0	0	0	0	0	0	0	0	0	0	0	1	0	0	0	0	0	0	0	0	1	0	1	0	1	4	0	0	0	0	0	0	1	0	0	2	2	0	2	0	0	1	1	0	0	0	1	0	0	0	2	0	0	0	0	0	0	0	3	0	0	0	0	0	0	0	0	1	0	2	0	0	0	0	0	1	0	0	0	0	0	0	1	0	0	0	0	1	0	0	0	0	0	0	0	0	0	0	0	0	0	0	0	0	0	0	1	0	0	0	0	1	1	0	0	0	0	0	1	0	0	0	0	0	1	0	0	2	0	0	0	0	0	0	1	0	0	1	1	0	0	0	0	0	1	11	1	2	0	0	1	1	1	0	12	1	0	3	0	0	0	0	0	0	1	0	0
private_T1916_metawrap_bin.6	Lichenihabitans	Beijerinckiaceae	Rhizobiales	0	2	0	0	0	0	0	0	0	0	0	0	0	0	0	1	0	0	0	0	0	1	0	0	1	0	0	0	0	3	0	0	0	0	0	0	0	0	0	1	2	0	1	0	0	0	0	2	0	2	0	0	0	0	2	0	0	1	0	0	0	0	4	0	0	0	0	0	0	0	0	0	0	2	1	0	0	0	0	1	0	0	0	0	0	0	0	0	0	0	0	0	0	0	0	0	0	0	0	0	0	0	0	0	0	0	0	0	0	0	0	1	0	0	0	0	0	0	0	0	0	0	1	0	0	0	0	0	1	0	0	1	0	0	0	0	0	0	0	0	0	2	0	0	0	0	0	1	1	8	1	2	0	1	1	1	1	0	15	4	0	3	0	0	0	1	0	0	0	0	0
public_SRR11456919_metawrap_bin.13	Lichenihabitans	Beijerinckiaceae	Rhizobiales	0	3	0	0	0	0	0	0	0	0	0	0	0	0	0	1	0	0	0	0	0	1	0	0	1	0	0	0	1	5	0	0	0	0	0	0	0	0	0	2	2	0	1	0	0	1	1	1	0	0	0	0	0	0	1	0	0	0	0	0	0	0	3	0	0	0	0	0	0	0	0	0	0	2	1	0	0	0	0	2	0	0	0	0	0	0	0	0	0	0	0	0	0	0	0	0	0	0	0	0	0	0	0	0	0	0	0	0	0	0	0	0	0	0	0	0	0	0	0	0	0	0	1	0	0	0	0	0	1	0	0	1	0	0	0	0	0	0	1	0	0	0	0	0	0	0	0	0	1	10	1	1	0	0	1	1	1	0	13	0	1	4	0	0	0	1	0	0	0	0	0
public_SRR11456919_metawrap_bin.3	Lichenihabitans	Beijerinckiaceae	Rhizobiales	0	4	0	0	0	0	0	0	0	0	0	0	0	0	0	1	0	0	0	0	0	0	0	0	1	2	0	0	0	4	0	0	0	0	0	0	0	0	0	0	1	0	0	0	0	0	0	0	0	0	0	0	0	0	1	0	0	0	0	0	0	0	3	0	0	0	0	0	0	0	0	0	0	3	0	0	0	0	0	1	0	0	0	0	0	0	0	0	0	0	0	0	0	0	0	0	0	0	0	0	0	0	0	0	0	0	0	0	0	0	0	0	0	0	0	0	0	0	0	0	0	0	0	0	0	0	0	0	1	0	0	1	0	0	0	0	0	0	1	0	0	1	0	0	0	0	0	0	1	7	1	2	0	0	1	1	1	0	12	0	1	4	0	0	0	0	0	0	0	0	0
private_T1894_metawrap_bin.9	RH-AL1	Beijerinckiaceae	Rhizobiales	0	1	0	0	0	0	0	0	0	0	0	0	0	0	1	0	0	0	0	0	0	0	0	0	0	0	0	0	1	2	0	0	0	0	0	0	0	0	0	1	3	0	1	0	0	0	1	1	0	0	0	0	0	0	1	0	0	0	0	0	0	0	2	0	0	0	0	1	0	0	0	0	0	1	1	0	0	0	0	3	0	0	0	0	0	0	0	0	0	0	0	0	0	0	0	0	0	0	0	0	0	0	0	0	0	0	0	0	0	0	0	0	0	0	0	0	0	0	0	0	0	0	0	0	1	0	0	0	1	0	0	1	0	0	0	0	0	0	0	0	0	0	0	0	0	0	0	0	0	7	1	2	0	0	1	0	1	0	8	0	0	3	0	0	1	0	0	0	0	0	0
private_TS1974_metawrap_bin.3	RH-AL1	Beijerinckiaceae	Rhizobiales	0	2	0	0	0	0	0	0	0	0	0	0	0	0	1	0	0	0	0	0	0	0	0	0	0	1	1	0	1	3	0	0	0	0	0	0	0	0	0	1	3	0	1	0	0	0	1	1	0	0	0	0	0	0	1	0	0	0	0	0	0	0	3	0	0	0	0	1	0	0	0	1	0	2	1	0	0	0	0	2	0	0	1	0	0	0	0	0	0	0	0	0	0	0	0	0	0	0	0	0	0	0	0	0	0	0	0	0	0	0	0	0	0	0	0	0	0	0	0	0	0	0	0	0	0	0	0	0	1	0	0	1	0	0	0	0	0	0	0	0	0	0	0	0	0	0	0	0	0	11	1	3	0	0	1	0	1	0	5	0	0	4	0	0	1	0	0	0	0	0	0
private_VT26_metawrap_bin.1	RH-AL1	Beijerinckiaceae	Rhizobiales	0	0	0	0	0	0	0	0	0	0	0	0	0	0	2	0	0	0	0	0	0	0	0	0	0	1	1	0	0	4	0	0	0	0	0	0	0	0	0	1	3	0	1	0	0	0	1	1	0	0	0	0	0	0	1	0	0	0	0	0	0	0	5	0	0	0	0	1	0	0	0	1	0	1	1	0	0	0	0	1	0	0	1	0	0	0	0	0	0	0	0	0	0	0	0	0	0	0	0	0	0	0	0	0	0	0	0	0	0	0	0	0	0	0	0	0	0	0	0	0	0	0	0	0	0	0	0	0	1	0	0	1	0	0	0	0	0	0	0	0	0	0	0	0	0	0	0	0	0	10	1	2	0	0	1	0	1	0	10	0	0	4	0	0	2	0	0	0	0	0	0
private_X5_metawrap_bin.1	Nostoc	Nostocaceae	Cyanobacteriales	0	1	0	0	0	0	0	0	0	0	0	0	0	0	0	1	0	0	0	1	0	4	0	0	1	1	1	1	2	0	1	0	0	0	1	0	0	0	2	1	1	0	1	1	1	0	1	0	0	0	0	0	1	0	1	0	2	0	0	0	0	0	1	0	0	0	0	0	0	0	0	0	0	1	1	0	0	0	0	1	0	0	1	1	0	0	0	1	1	0	0	0	0	0	0	0	0	0	0	0	0	0	0	0	0	0	0	0	0	1	0	0	0	0	0	0	0	0	0	3	0	0	0	0	2	0	0	0	1	0	0	1	0	0	0	0	0	0	0	0	0	1	0	0	0	0	0	3	1	25	0	0	1	3	1	0	1	1	31	2	1	4	0	0	0	3	0	1	0	0	0
public_SRR11456913_metawrap_bin.11	Nostoc	Nostocaceae	Cyanobacteriales	0	1	0	1	0	0	0	0	0	0	0	0	0	0	0	1	0	0	0	1	0	5	0	0	1	0	1	2	2	0	1	0	0	0	1	0	0	0	0	1	0	0	0	1	1	0	1	0	0	0	0	0	0	0	1	0	1	0	0	0	0	0	0	0	0	0	0	0	0	0	0	0	0	1	1	0	0	0	0	1	0	0	1	0	0	0	0	1	1	0	0	0	0	0	0	0	0	0	0	0	0	0	0	0	0	0	0	0	0	1	0	0	0	0	0	0	0	0	0	3	0	0	0	0	1	0	0	0	1	0	0	1	0	0	0	0	0	0	0	0	0	0	0	0	0	0	0	0	1	22	0	1	0	3	0	0	2	1	38	3	1	4	0	0	1	3	0	1	0	0	0
public_SRR11456915_metawrap_bin.3	Nostoc	Nostocaceae	Cyanobacteriales	0	3	0	0	0	0	0	0	0	0	0	0	0	0	0	1	0	0	0	0	0	5	0	0	1	1	1	2	2	0	2	0	0	0	1	0	0	0	1	1	1	0	1	1	1	0	1	0	0	0	0	0	0	0	1	0	2	0	0	0	0	0	1	0	0	0	0	0	0	0	0	1	0	1	1	0	0	0	1	1	0	0	1	0	0	0	0	1	1	0	0	0	0	0	0	0	0	0	0	0	1	0	0	0	0	0	0	0	0	0	0	0	0	0	0	0	0	0	0	3	0	0	0	0	2	0	0	0	1	0	0	0	0	0	0	0	0	0	0	0	0	1	0	0	0	0	0	1	1	32	0	0	1	4	1	0	1	1	40	3	1	4	0	0	0	3	0	1	0	0	0
public_SRR11456918_metawrap_bin.3	Nostoc	Nostocaceae	Cyanobacteriales	0	2	0	0	1	0	0	0	0	0	0	0	0	0	0	1	0	0	0	0	0	6	0	0	1	1	0	1	2	0	1	0	0	0	1	0	0	0	1	1	1	0	0	1	1	0	1	0	0	0	0	0	1	0	1	0	2	0	0	0	0	0	1	0	0	0	0	0	0	0	0	1	0	1	1	0	0	1	1	1	0	0	0	0	0	0	0	1	2	0	0	0	0	0	0	0	0	0	0	0	1	0	0	0	0	0	0	0	0	0	0	0	0	0	0	0	0	0	0	3	0	0	0	0	1	0	0	0	1	0	0	0	0	0	0	0	0	0	0	0	0	2	0	0	0	0	0	0	1	27	0	1	0	2	1	0	1	1	35	2	1	4	0	0	0	3	0	1	0	0	0
public_SRR11456919_metawrap_bin.5	Nostoc	Nostocaceae	Cyanobacteriales	0	3	0	1	0	0	0	0	0	0	0	0	0	0	0	1	0	0	0	0	0	5	0	0	1	1	2	2	2	0	2	0	0	0	1	0	0	0	1	1	2	0	0	1	1	0	1	0	0	0	0	0	0	0	1	0	1	0	0	0	0	0	1	0	0	0	0	0	0	0	0	0	0	1	1	0	0	0	0	1	0	0	1	0	0	0	0	1	1	0	0	0	0	0	0	0	0	0	0	0	0	0	0	0	0	0	0	0	0	1	0	0	0	0	0	0	0	0	0	3	0	0	0	0	1	0	0	0	1	0	0	1	0	0	0	0	0	0	0	0	0	3	0	0	0	0	0	1	1	25	0	2	0	3	1	0	2	1	37	2	1	5	0	0	0	3	0	1	0	0	0
public_SRR11456921_metawrap_bin.3	Nostoc	Nostocaceae	Cyanobacteriales	0	1	0	0	1	0	0	0	0	0	0	0	0	0	0	1	0	0	0	0	0	6	0	0	1	0	2	2	2	0	1	0	0	0	1	0	0	0	1	1	1	0	0	1	1	0	1	0	0	0	0	0	1	0	1	0	2	0	0	0	0	0	1	0	0	0	0	0	0	1	0	0	0	1	2	0	0	0	0	1	0	0	1	0	0	0	0	1	1	0	0	0	0	0	0	0	0	0	0	0	0	0	0	0	0	0	0	0	0	0	0	0	0	0	0	0	0	0	0	3	0	0	0	0	2	0	0	0	1	0	0	0	0	0	0	0	0	0	0	0	0	4	0	0	0	0	0	1	1	23	0	0	0	4	1	0	2	1	38	2	1	4	0	1	0	3	0	1	0	0	0
public_SRR11456923_metawrap_bin.7	Nostoc	Nostocaceae	Cyanobacteriales	2	1	0	0	1	0	0	0	0	0	0	0	0	0	0	1	0	0	0	0	0	4	0	0	1	0	1	2	2	0	1	0	0	0	1	0	0	0	1	1	0	0	0	1	1	0	1	0	0	0	0	0	0	0	1	0	2	0	0	0	0	0	1	0	0	0	0	0	0	1	1	0	0	1	1	0	0	0	0	1	0	0	1	0	0	0	0	1	1	0	0	0	0	0	0	0	0	0	0	0	0	0	0	0	0	0	0	0	0	0	0	0	0	0	0	0	0	0	0	3	0	0	0	0	1	0	0	0	1	0	0	0	0	0	0	0	0	0	0	0	0	1	0	0	0	0	0	1	1	29	0	0	0	3	1	0	1	1	33	3	1	4	0	0	0	3	0	1	0	0	0
public_SRR14721954_metawrap_bin.4	Nostoc	Nostocaceae	Cyanobacteriales	0	2	0	0	0	0	0	0	0	0	0	0	0	0	0	1	0	0	0	0	0	5	0	0	1	0	1	2	2	0	1	0	0	0	1	0	0	0	1	1	1	0	1	1	1	0	1	0	0	0	0	0	2	0	1	0	2	0	0	0	0	0	1	0	0	0	0	0	0	1	0	0	0	1	1	0	0	0	1	1	0	0	1	1	0	0	0	1	1	0	0	0	0	0	0	0	0	0	0	0	0	0	0	0	0	0	0	0	0	0	0	0	0	0	0	0	0	0	0	3	0	0	0	0	2	0	0	0	1	0	0	0	0	0	0	0	0	0	0	0	0	2	0	0	0	0	0	1	1	32	0	0	0	5	1	0	2	1	33	2	1	4	0	0	0	3	0	1	0	0	0
public_SRR14722145_metawrap_bin.2	Nostoc	Nostocaceae	Cyanobacteriales	0	2	0	1	0	0	0	0	0	1	0	0	0	0	0	1	0	0	0	1	0	4	0	0	1	1	0	2	2	0	1	0	0	0	1	0	0	0	1	1	1	0	1	1	1	0	1	0	0	0	0	0	1	0	1	0	2	0	0	0	0	0	1	0	0	0	0	0	0	0	0	1	0	1	1	0	0	0	1	1	0	0	1	1	0	0	0	1	3	0	0	0	0	0	0	0	0	0	0	0	1	0	0	0	0	0	0	0	0	1	0	0	0	0	0	0	0	0	0	3	0	0	0	0	1	0	1	0	1	0	0	1	0	0	0	0	0	0	0	0	0	4	0	0	0	0	0	1	1	32	0	1	0	3	2	0	1	1	29	2	1	4	0	0	0	3	0	1	0	0	0
public_SRR14722161_metawrap_bin.1	Nostoc	Nostocaceae	Cyanobacteriales	0	5	0	1	0	0	0	0	0	0	0	0	0	0	0	1	0	0	0	1	0	4	0	0	1	1	1	2	2	0	1	0	0	0	1	0	0	0	0	1	1	0	0	1	1	0	1	0	0	0	0	0	0	0	0	0	2	0	0	0	0	0	1	0	0	0	0	0	0	1	1	1	0	0	1	0	0	0	1	1	0	0	1	1	0	0	0	1	0	0	0	0	0	0	0	0	0	0	0	0	1	0	0	0	0	0	0	0	0	1	0	0	0	0	0	0	0	0	0	3	0	0	0	1	2	0	1	0	1	0	0	1	0	0	0	0	0	0	0	0	0	3	0	0	0	0	0	0	1	29	0	0	0	4	1	0	1	1	30	1	1	4	0	0	0	3	0	2	0	0	0
public_SRR1531545_metawrap_bin.1	Nostoc	Nostocaceae	Cyanobacteriales	0	2	0	0	0	0	0	0	0	0	0	0	0	0	0	1	0	0	0	0	0	6	0	0	1	0	1	2	3	0	1	0	0	0	1	0	0	0	1	1	1	0	2	1	1	0	1	0	0	0	0	0	2	0	1	0	2	0	0	0	0	0	1	0	0	0	0	0	0	0	0	0	0	1	1	0	0	0	1	1	0	0	2	1	0	0	0	1	1	0	0	0	0	0	0	0	0	0	0	0	0	0	0	0	0	0	0	0	0	0	0	0	0	0	0	0	0	0	0	3	0	0	0	0	2	0	0	0	1	0	0	0	0	0	0	0	0	0	0	0	0	1	0	0	0	0	0	1	1	25	0	0	0	4	1	0	1	1	33	4	1	4	0	0	0	3	0	2	0	0	0
private_T1887_metawrap_bin.3	Sphingomonas	Sphingomonadaceae	Sphingomonadales	0	1	0	0	0	0	0	0	0	1	0	0	0	0	1	0	0	0	1	0	1	2	0	0	0	3	1	0	1	1	0	0	0	0	0	0	0	0	1	1	2	0	0	0	0	2	1	0	0	1	0	1	0	0	1	3	0	0	0	0	1	0	1	0	0	1	0	0	0	1	0	4	0	2	1	1	2	1	1	4	0	0	2	0	0	3	0	0	0	0	0	0	1	1	1	0	0	1	2	0	0	1	0	1	0	0	0	0	0	0	2	1	0	0	0	1	2	0	3	0	0	0	0	0	0	1	0	0	1	0	0	1	0	0	0	1	0	0	0	1	2	1	0	0	0	0	0	0	0	6	1	0	0	0	1	0	1	1	8	0	1	3	0	0	0	0	0	0	0	0	0
private_VT34_metawrap_bin.4	Sphingomonas	Sphingomonadaceae	Sphingomonadales	0	0	0	0	0	0	0	0	0	0	0	0	0	0	0	0	0	0	0	0	0	0	0	0	0	4	0	0	1	1	0	0	0	0	0	0	0	0	2	0	0	0	0	0	0	2	0	0	0	0	0	0	0	0	0	3	0	0	0	0	0	0	1	0	0	0	0	0	0	0	0	0	0	2	0	0	0	0	0	1	0	0	0	0	0	0	0	1	0	0	0	0	0	0	0	1	0	0	0	0	0	1	0	0	0	0	0	0	0	0	1	0	0	0	0	0	0	0	0	0	0	0	0	0	0	0	0	0	0	0	0	0	0	0	0	0	0	0	0	0	1	1	0	1	0	0	0	0	0	4	1	0	0	1	1	0	0	1	14	0	0	4	0	0	0	0	0	0	0	0	0
private_X3_metawrap_bin.3	Sphingomonas	Sphingomonadaceae	Sphingomonadales	0	0	0	0	0	0	0	0	0	0	0	0	0	0	1	0	0	0	0	0	0	1	0	0	0	0	0	0	1	1	0	0	0	0	0	0	0	0	0	1	1	0	1	0	0	1	1	1	0	0	0	0	0	0	1	4	0	0	0	0	0	0	1	0	0	0	0	0	0	1	0	0	0	1	0	0	0	0	0	1	0	0	0	1	0	0	0	0	0	0	0	0	0	0	0	0	0	0	0	0	0	0	0	0	0	0	0	1	0	0	0	0	0	0	0	0	0	0	0	0	0	0	0	0	0	0	0	0	1	0	0	0	0	0	0	0	1	0	0	0	0	0	0	1	0	0	0	0	0	7	0	1	0	0	1	0	1	1	12	0	1	5	0	0	0	0	0	0	0	0	0
public_ERR4179389_metawrap_bin.2	Sphingomonas	Sphingomonadaceae	Sphingomonadales	0	0	0	0	0	0	0	0	0	1	0	0	0	0	1	0	0	0	0	0	0	1	0	0	0	2	0	0	1	1	0	0	0	0	0	0	0	0	0	0	1	0	0	0	0	2	0	0	0	0	0	0	0	0	1	3	0	0	0	0	0	0	0	0	0	0	0	0	0	1	0	0	0	2	0	0	0	0	0	1	0	0	0	0	0	0	0	0	0	0	0	0	0	0	0	0	0	0	0	0	0	0	0	0	0	0	0	1	0	0	0	0	0	0	0	0	0	0	0	0	0	0	0	0	0	0	0	0	0	0	0	0	0	0	0	0	1	0	0	0	0	1	0	0	0	0	0	0	0	10	0	1	0	0	1	0	1	1	9	0	1	4	0	0	0	0	0	0	0	0	0
public_SRR11456918_metawrap_bin.7	Sphingomonas	Sphingomonadaceae	Sphingomonadales	0	0	0	0	0	0	0	0	0	0	0	0	0	0	1	0	0	0	0	0	0	1	0	0	0	1	0	0	1	1	0	0	0	0	0	0	0	0	0	0	0	0	0	0	0	1	0	0	0	0	0	0	0	0	0	2	0	0	0	0	0	0	0	0	0	0	0	0	1	1	0	0	0	2	0	0	0	0	0	1	0	0	0	0	0	0	0	0	0	0	0	0	0	0	0	0	0	0	0	0	0	0	0	0	0	0	0	0	0	0	0	0	0	0	1	0	0	0	0	0	0	0	0	0	0	0	0	0	0	0	0	0	0	0	0	0	0	0	0	0	0	1	0	0	0	0	0	0	0	10	0	0	0	1	1	0	0	1	10	0	0	5	0	0	0	0	0	0	0	0	0
public_SRR11456919_metawrap_bin.1	Sphingomonas	Sphingomonadaceae	Sphingomonadales	0	0	0	0	0	0	0	0	0	0	0	0	0	0	0	0	0	0	0	0	0	1	0	0	1	2	0	0	1	1	0	0	0	0	0	0	0	0	0	0	1	0	0	0	0	2	0	0	0	0	0	0	0	0	1	3	0	0	0	0	0	0	0	0	0	0	0	0	0	1	0	0	1	2	0	0	0	0	0	1	0	0	0	0	0	0	0	0	0	0	0	0	0	0	0	0	0	0	0	0	0	0	0	0	0	0	0	1	0	0	0	0	0	0	0	0	0	0	0	0	0	0	0	0	0	0	0	0	0	0	0	0	0	0	0	0	2	0	0	0	0	1	0	0	0	0	0	0	0	7	0	0	0	0	1	0	1	1	7	0	1	4	0	0	0	0	0	0	0	0	0
private_VT1_metawrap_bin.2	CAHJWO01	UBA10450	Chthoniobacterales	0	0	0	0	0	2	2	0	0	0	0	0	1	0	0	1	0	0	0	0	0	1	0	0	0	2	0	0	0	0	0	0	0	0	0	1	0	0	1	0	1	0	1	0	0	0	0	1	0	0	0	0	0	0	0	0	0	0	0	0	0	0	1	1	0	0	0	0	0	0	0	7	0	0	0	2	3	5	0	2	0	0	3	1	0	0	0	0	1	0	0	0	0	0	0	1	0	1	0	0	1	0	0	0	0	0	0	0	0	0	0	0	1	0	0	0	1	0	0	1	0	0	1	0	0	0	0	2	1	1	0	0	1	0	0	0	0	0	0	0	1	0	0	0	0	0	0	0	1	10	1	0	0	0	0	1	1	0	23	2	0	2	0	0	0	2	0	2	0	0	0
public_SRR11456915_metawrap_bin.9	CAHJWO01	UBA10450	Chthoniobacterales	0	0	0	0	0	0	0	0	0	1	0	0	0	0	0	0	0	0	0	0	0	1	1	0	0	4	0	0	0	0	0	0	0	0	0	0	0	0	0	1	2	0	0	0	0	0	1	1	0	0	0	0	0	0	1	2	1	0	0	0	0	0	1	1	0	0	0	0	1	0	0	2	0	0	0	2	0	0	0	1	0	0	0	0	0	0	0	0	1	0	0	2	0	0	0	0	0	0	0	0	0	0	0	0	0	0	0	0	0	0	0	0	1	0	0	0	0	0	0	1	0	0	0	0	0	0	0	0	1	0	0	0	0	0	0	0	0	0	0	0	0	1	0	0	0	0	0	0	1	7	1	0	0	1	1	1	1	0	22	0	0	3	0	0	0	2	0	2	0	0	0
public_SRR11456919_metawrap_bin.2	CAHJWO01	UBA10450	Chthoniobacterales	0	0	0	0	0	0	0	0	0	1	0	0	0	0	0	1	0	0	0	0	0	1	1	0	0	5	0	0	0	0	0	0	0	0	0	0	0	0	0	1	2	0	1	0	0	0	1	1	0	0	0	0	0	0	1	2	1	0	0	0	0	0	2	0	0	0	0	0	1	0	0	1	0	0	0	2	0	0	0	2	0	0	0	0	0	0	0	0	0	0	0	2	0	0	0	0	0	0	0	0	0	0	0	0	0	0	0	0	0	0	0	0	1	0	0	0	0	0	0	1	0	0	0	0	0	0	0	0	1	0	0	0	0	0	0	0	0	0	0	0	0	0	0	0	0	0	0	0	1	9	1	0	0	0	0	1	1	0	22	0	0	3	0	0	0	1	0	2	0	0	0
public_SRR14722117_metawrap_bin.2	CAHJWO01	UBA10450	Chthoniobacterales	0	0	0	0	0	0	0	0	0	1	0	0	0	1	0	1	0	0	0	0	0	1	1	0	0	4	0	0	0	0	0	0	0	0	0	0	0	0	1	2	2	0	1	0	0	0	1	1	0	0	0	0	0	0	1	1	1	0	0	0	0	0	2	1	0	0	0	0	1	0	0	2	0	0	0	2	0	0	0	1	0	0	1	0	0	0	0	0	1	1	0	2	0	0	0	0	0	0	0	0	0	0	0	0	0	0	0	0	0	0	0	0	1	0	0	0	1	0	0	1	0	0	0	0	0	0	0	0	1	0	0	0	0	0	0	0	0	0	0	0	0	0	0	0	0	0	0	0	1	11	1	0	0	1	1	1	0	0	20	0	0	2	0	0	0	2	0	2	0	0	0
